114.5254	37.7673
117.12	36.6512
>>
88.8629	27.4865
91.0895	30.6993
>>
120.0898	30.4755
115.0015	25.81
>>
114.0117	32.2582
119.6017	26.6627
>>
118.5	39.2
114.4421	40.6077
>>
116.5665	40.9013
117.5681	39.0721
>>
115.3471	41.1528
117.8931	37.2638
>>
114.6053	37.0338
117.2758	39.7835
>>
116.6178	36.1645
119.5582	34.3904
>>
118.609	 31.6456
121.8291	31.809
>>
109.693	 34.1357
113.1959	32.1395
>>
118.5068	31.6705
113.4046	31.7123
>>
113.4155	32.2041
114.1894	36.055
>>
113.1682	31.9163
118.0407	28.1313
>>
109.1113	29.6555
113.078	31.9907
>>
85.573	28.8054
89.837	28.5249
>>
117.7781	36.9053
113.1764	39.48
>>
109.3591	24.3934
111.4744	26.2477
>>
109.3591	24.3934
111.919	 21.8256
>
118.9426	39.2569
115.5994	40.4717
>>
118.4298	39.1854
115.6605	42.3345
>>
115.2469	38.4502
118.2182	40.4816
>>
116.0592	38.3665
117.2758	39.7767
>>
115.9902	37.6523
119.5994	41.2916
>>
113.81	36.06
119	42
>>
101.2011	37.6077
110.467	 34.0152
>>
98.002	24.0299
100.6041	25.8421
>>
117.5	38
112.8	40.6364
>>
89.0267	31.5909
94.3349	31.8258
>>
99.5431	27.1162
103.262	24.2707
>>
92.4447	34.217731
94.89	36.42
>>
116.9175	37.7307
121.1084	41.9895
>>
112.6941	39.8121
119.913	 35.684
>>
112.371	 37.7987
115.1339	40.8554
>>
103.4914	30.2
106.0092	31.5
>>
102.5544	33.4464
106.0092	31.5
>>
102.5544	33.4464
103.4914	30.2
>>
121.25	41.3415
123.6387	39.8809
>>
102.0157	26.2594
102.1732	30.2072
>>
100.2771	26.8706
103.7897	28.6814
>>
100.2097	26.8976
103.9001	26.4575
>>
112.2914	34.1758
117.8456	36.9403
>>
116.1692	35.1361
112.4236	36.3464
>>
113.8441	41.9969
116.3049	39.9733
>>
101.4881	25.2558
102.2522	27.9109
>>
109.7182	21.0512
110.7133	19.4248
>>
116.90731	33.72601
121.60342	30.91347

>>
116.5716	23.4081
119.5572	25.9443
>>
113.0114	35.1936
110.3693	36.6533
>>
110.9269	35.0814
105.3751	39.0429
>>
103	  32	
111.4589	27.2394
>>
99.6771 	27.936
101.1111	22.6692
>>
99.1816 	22.1583
103.6734	25.5376
>>
105.7485	33.7566
105.196902	37.5
>>
109.8042	39.5483
110.0517	42.2569
>>
109.5486	31.159
112.3083	30.528
>>
117.6639	33.5488
113.4331	34.6402
>>
89.7361	 46.7994
94.867	 39.6066
>>
111.883 	25.9565
115.2424	22.3563
>>
95.0244	  40.64
104.5162	29.9565
>>
107.6423	35.1289
102.6858	34.8128
>>
117.465 	49.5833 
131.1911	44.4116 

>>
93.49	35.4617
101.2015	42.5913
>>
115.94	36.74
113.32	38.14
>>
117	 40.2
113.1	40.5
>>
113.2656	39.1888
115.283	 41.8771
>>
118.2203	29.9185
121.1545	27.8876
>>
118.08	36.1695
116.6212	38.8443
>>
116.6542	38.8806
116.5139	36.2808
>>
118.9789	37.0097
116.6542	38.8806
>>
116.5317	36.4556
118.9283	36.9856
>>
84.5153	34.2176
85.1439	30.7228
>>
115.5492	28.8445
117.328765	32.9219
>>
116.6464	39
112.5642	41.1275
>>
81.2471	 40.5546
79.5333	 35.527
>>
99.1091	 33.8643
109.3166	37.8254
>>
82.875 	41.0428
86.772 	48.9333
>>
88.2957 	33.7728
90.1196 	30.4829
>>
74.8663 	40.4711
78.2135 	38.4706
>>
75.2088 	37.3677
78.8419 	41.2123
>>
96.4606 	31.9355
100.7086	37.4248
>>
126.5942	42.241
129.5016	42.9532
>>
128.1547	41.3981
128.1508	43.7942
>>
105.7237	38.0009
105.7857	35.8276
>>
85.3705 	40.9628
88.9631 	44.85
>>
82.9474 	46.4144
93.3333 	42.4818
>>
81.0154 	41.7931
95.3467 	37.7583
>>
94.3661 	38.9961
94.75 	35.8977
>>
99.1875 	28.5245
102.4769	33.4502
>>
99.0308 	29.9461
104.8075	29.9378
>>
85.1595 	31.0168
88.7078 	30.93
>>
97.465 	28.6602
100.62 	36.2841
>>
84.9781 	31.2953
86.4247 	27.7555
>>
115.8766	38.8889
118.5413	40.7846
>>
99.6253 	33.1524
101.445 	36.0729
>>
102.5617	32.0425
103.168 	37.6728
>>
107.8833	35.1833
111 	35.5728
>>
101.0595	27.2953
103.7694	28.4116
>>
107.3679	35.3327
106.7925	32.3189
>>
111.609 	41.3543
108.2198	42.2917
>>
94.9571 	34.7397
95.4885 	37.1754
>>
110.0813	42.5623
110.2064	36.8688
>>
115.7181	40.9878
117.6004	38.4313
>>
75.0634 	41.7333
76.4515 	39.3422
>>
109.75	36
120.12	36
>>
122.5	36.9583
105.0722	39.2416
>>
102.2797	34.2938
104.4492	37.8243
>>
114.8806	40.7922
111.9244	44.8735
>>
112.8674	42.9524
115.7557	40.5995
>>
101.61	32.9757
105.6146	30.4499
>>
96.3175 	31.6833
99.5625 	35.5431
>>
120.8166	32.8083
109.9722	40.9167
>>
107.4158	29.5436
109.6598	38.1593
>>
117.25	36.5
118.6792	37.9278
>>
101.1563	23.1703
104 	28.4821
>>
99.6281 	23.9024
102.6742	24.1688
>>
116.0477	33.2407
119.9527	31.112
>>
117.177 	27.582
119.742 	25.421
>>
98.7	23.8694
104.5778	24.3439
>>
124.8636	47.1717
116.8237	48.6647
>>
100.5383	21.475
98.8458 	26.3333
>>
100.0128	26.7561
106.6551	26.5854
>>
116.702 	26.413
118.948 	24.909
>>
104.9114	35.205
109.2157	35.6153
>>
100.14 	24.45
101 	27.03
>>
104.6542	29.0944
101.775 	31.6903
>>
120.348 	38.042
121.3766	36.4287
>>
110.798 	32.6294
104.9263	33.392211
>>
103.6197	39.8934
108.7801	37.931
>>
101.0574	32.0334
108.6035	37.2008
>>
109.325 	34.7833
103.9272	40.2
>>
103.2806	36.1667
110.1033	38.55
>>
97.4915 	34.1376
103.1727	39.8639
>>
115.659 	30.7259
118.526 	28.8967
>>
88.5	28.3
88.5	32
>>
113.9973	28.1439
118.9532	24.896
>>
121.3	42.7
117.2	46.15
>>
89.1336	47.3763
92.1778	42.0588


