100 30 58.670501209947
100.25 30 58.588684993447
100.5 30 59.116298366951
100.75 30 59.715242573909
101 30 60.303761809543
101.25 30 60.523953430916
101.5 30 60.759407693316
101.75 30 60.528424643975
102 30 60.290934424883
102.25 30 53.668265338346
102.5 30 46.646692174667
102.75 30 44.920868932784
103 30 44.011657174686
103.25 30 43.76617
103.5 30 43.76617
103.75 30 44.118864387047
104 30 44.820883469545
104.25 30 45.406718320935
104.5 30 45.836770570315
104.75 30 46.072383167718
105 30 45.407511084216
105.25 30 44.839335375202
105.5 30 44.457739581872
105.75 30 43.00889
106 30 43.00889
106.5 30 45.12019
106.75 30 44.374311995911
107 30 44.508410585034
107.25 30 44.714294396392
107.5 30 44.866989970438
107.75 30 44.706679266092
108 30 44.669803543889
108.25 30 44.595712408669
108.5 30 44.14672
115 30 33
115.25 30 33
115.5 30 35.477328865112
115.75 30 35.904271303798
116 30 36.578276601307
116.25 30 37.193938785025
116.5 30 37.406964965927
116.75 30 39
117 30 39
100 30.25 58.886848793755
100.25 30.25 58.810079421798
100.5 30.25 59.150783546421
100.75 30.25 59.634504959415
101 30.25 60.097871624314
101.25 30.25 60.347825944544
101.5 30.25 60.481142319018
101.75 30.25 59.646936526036
102 30.25 57.846203814353
102.25 30.25 53.4066369382
102.5 30.25 48.566283644472
102.75 30.25 45.893676175333
103 30.25 44.2456852037
103.25 30.25 43.978356473142
103.5 30.25 43.981853757196
103.75 30.25 44.268165771061
104 30.25 44.811340354528
104.25 30.25 44.697296746411
104.5 30.25 44.988258762342
104.75 30.25 45.033428732935
105 30.25 44.732687660803
105.25 30.25 44.395933061078
105.5 30.25 43.969479480816
105.75 30.25 43.00889
106 30.25 43.00889
106.75 30.25 44.681707387653
107 30.25 44.67406622731
107.25 30.25 44.637060540241
107.5 30.25 44.465791214817
107.75 30.25 44.478318968666
108 30.25 44.748049463045
108.25 30.25 44.937586982686
108.5 30.25 44.74850385245
115.25 30.25 36.012685073358
115.5 30.25 36.417881180906
115.75 30.25 37.032122544622
116 30.25 37.905866339733
116.25 30.25 38.664128811369
116.5 30.25 38.633192034427
116.75 30.25 38.369683319244
117 30.25 38.181315555902
100 30.5 59.152007854268
100.25 30.5 59.045418587929
100.5 30.5 59.158657255687
100.75 30.5 59.531008252576
101 30.5 59.625562992234
101.25 30.5 59.523100980232
101.5 30.5 59.336525575848
101.75 30.5 58.271081390328
102 30.5 56.380921781235
102.25 30.5 53.108350130676
102.5 30.5 49.737785586248
102.75 30.5 47.272766237469
103 30.5 44.41123455074
103.25 30.5 44.116346420779
103.5 30.5 44.07416167989
103.75 30.5 43.920458799083
104 30.5 43.950389084866
104.25 30.5 44.085371761995
104.5 30.5 44.113062816595
104.75 30.5 43.943275891504
105 30.5 43.770332801134
105.25 30.5 43.589274662042
105.5 30.5 43.540200822137
105.75 30.5 43.00889
106 30.5 43.00889
106.75 30.5 44.550869696526
107 30.5 44.90529970012
107.25 30.5 44.748329540757
107.5 30.5 44.508924506306
107.75 30.5 44.583522088005
108 30.5 44.915284782201
108.25 30.5 44.95446946922
108.5 30.5 44.942971332123
115.25 30.5 39
115.5 30.5 39
115.75 30.5 39
116 30.5 38.612788141954
116.25 30.5 38.539732156375
116.5 30.5 38.285156491703
116.75 30.5 38.056536279441
117 30.5 37.911168052455
117.25 30.5 37
100 30.75 59.30217253347
100.25 30.75 58.99130061314
100.5 30.75 59.050177286937
100.75 30.75 59.442974426222
101 30.75 59.133972397961
101.25 30.75 58.657056805605
101.5 30.75 58.462631044049
101.75 30.75 58.370391339032
102 30.75 55.5546912818
102.25 30.75 53.213452887656
102.5 30.75 50.364454145614
102.75 30.75 44.798826213307
103 30.75 44.500509894473
103.25 30.75 43.76617
103.5 30.75 45.066432006362
103.75 30.75 44.814629599962
104 30.75 43.573373090058
104.25 30.75 43.468109743628
104.5 30.75 43.244392751219
104.75 30.75 42.932793547755
105 30.75 42.876421606095
105.25 30.75 42.844547251113
105.5 30.75 42.953322681976
105.75 30.75 43.00889
106 30.75 43.00889
106.25 30.75 43.00889
106.75 30.75 44.14672
107 30.75 44.809433988672
107.25 30.75 45.04529546499
107.5 30.75 45.054182652801
107.75 30.75 45.214063041155
108 30.75 45.267191153566
108.25 30.75 45.279679634768
108.5 30.75 45.289309270987
114.5 30.75 36
115 30.75 36
115.25 30.75 36
115.5 30.75 39
115.75 30.75 37.431087947187
116 30.75 37.634643933721
116.25 30.75 37.851730561258
116.5 30.75 37.823304432477
116.75 30.75 37.65643225174
117 30.75 36.821117278878
117.25 30.75 35.820278485721
117.5 30.75 35.501148516856
117.75 30.75 33
118 30.75 33
118.25 30.75 31.943359794749
118.5 30.75 31
118.75 30.75 31
119 30.75 31
119.25 30.75 31
119.5 30.75 31
120.25 30.75 32.817525276842
120.5 30.75 32.817525276842
120.75 30.75 33.042432638491
121 30.75 33.147462583529
100 31 59.42616
100.25 31 58.725908285049
100.5 31 58.795361555551
100.75 31 58.762433431653
101 31 57.903399797333
101.25 31 57.079190343586
101.5 31 56.645397517861
101.75 31 56.436652279604
102 31 55.029
103 31 49.10894
103.25 31 47.011481328507
103.5 31 46.33132307005
103.75 31 45.136348955799
104 31 43.966468907483
104.25 31 42.991333523676
104.5 31 42.347344851423
104.75 31 42.006075006107
105 31 42.393336086491
105.25 31 42.648788793829
105.5 31 42.790893938856
105.75 31 43.00889
106 31 43.00889
107 31 45.143446874016
107.25 31 45.260280253999
107.5 31 45.452749646993
107.75 31 45.6844292116
108 31 45.665165141174
108.25 31 45.645519691868
108.5 31 45.814341976333
108.75 31 45.99945
113.25 31 36
113.5 31 36
113.75 31 36
114 31 36
114.25 31 36
114.5 31 36
114.75 31 36
115 31 36
115.25 31 35.614181850613
115.5 31 36.88856415093
115.75 31 36.928763717237
116 31 36.994342843638
116.25 31 37.0921333668
116.5 31 37.247342066957
116.75 31 36.910458954776
117 31 36.143023591346
117.25 31 35.185390522741
117.5 31 34.666081916485
117.75 31 33.368751078877
118 31 32.257653993751
118.25 31 31.931230658198
118.5 31 31.619442395498
118.75 31 31
119 31 31
119.25 31 31
119.5 31 31.360323513434
119.75 31 31.503415024577
120 31 32.351596061477
120.25 31 32.455163121463
120.5 31 32.543703654115
120.75 31 32.939351908785
121 31 33.037948250924
121.25 31 33.223363578015
121.5 31 33.422124717089
100 31.25 59.42616
100.25 31.25 58.117341760328
100.5 31.25 57.913972189029
100.75 31.25 57.437024756242
101 31.25 56.55698255273
101.25 31.25 55.916216528636
101.5 31.25 55.847404697301
101.75 31.25 55.029
102 31.25 55.029
102.5 31.25 53.16091
102.75 31.25 51.483441942452
103 31.25 50.988487108707
103.25 31.25 48.933780732425
103.5 31.25 47.676422275474
103.75 31.25 45.817279339497
104 31.25 44.212692530069
104.25 31.25 42.999687529444
104.5 31.25 42.570095781037
104.75 31.25 42.335682571822
105 31.25 42.439845507194
105.25 31.25 42.484127436322
105.5 31.25 42.638759273319
105.75 31.25 43.00889
106 31.25 43.00889
107 31.25 45.782850801785
107.25 31.25 45.502908133507
107.5 31.25 45.733465756098
107.75 31.25 45.847765624381
108 31.25 45.890719569505
108.25 31.25 45.998301279917
108.5 31.25 46.065645067441
108.75 31.25 45.99945
112.25 31.25 36
112.5 31.25 36
112.75 31.25 36
113 31.25 36.242634430155
113.25 31.25 36.213502760412
113.5 31.25 36.206271061735
113.75 31.25 36
114 31.25 36
114.25 31.25 36
114.5 31.25 36
114.75 31.25 36
115 31.25 35.811710813679
115.25 31.25 35.657040146995
115.5 31.25 35.451850521048
115.75 31.25 35.945462411983
116 31.25 36.190176254552
116.25 31.25 36.18099540291
116.5 31.25 36.258410739913
116.75 31.25 35.992726374349
117 31.25 35.542111529045
117.25 31.25 34.911789200839
117.5 31.25 34.276603939313
117.75 31.25 33.001952719097
118 31.25 32.529780585336
118.25 31.25 31.910764899667
118.5 31.25 31.489247443654
118.75 31.25 31.238353095211
119 31.25 31
119.25 31.25 31.12614146723
119.5 31.25 31.310405389877
119.75 31.25 31.494886580827
120 31.25 31.931247681718
120.25 31.25 32.359208758935
120.5 31.25 32.528915686949
120.75 31.25 32.720762604421
121 31.25 32.904899422594
121.25 31.25 33.113618744802
121.5 31.25 33.273524022385
100 31.5 59.42616
100.25 31.5 57.503859648249
100.5 31.5 57.125271113398
100.75 31.5 56.498194841269
101 31.5 55.574189057916
101.25 31.5 55.053202691537
101.5 31.5 55.261856462673
101.75 31.5 54.830047132354
102 31.5 54.652817370409
102.25 31.5 54.149080346619
102.5 31.5 52.205764366297
102.75 31.5 51.320220684804
103 31.5 51.395597124252
103.25 31.5 49.928665595618
103.5 31.5 48.668430973221
103.75 31.5 46.986727166384
104 31.5 45.085564667537
104.25 31.5 43.728614443184
104.5 31.5 43.221441079837
104.75 31.5 42.614797901511
105 31.5 42.595296681105
105.25 31.5 42.392401456214
105.5 31.5 42.529694765241
105.75 31.5 43.00889
107 31.5 45.833402837205
107.25 31.5 46.02036875016
107.5 31.5 46.034785765716
107.75 31.5 46.055268943758
108 31.5 46.108794113777
108.25 31.5 46.182677620515
108.5 31.5 46.217963212183
108.75 31.5 46.317466497145
111.75 31.5 36
112 31.5 36
112.25 31.5 36
112.5 31.5 36
112.75 31.5 36.197551100912
113 31.5 36.11944080381
113.25 31.5 36.047374101354
113.5 31.5 36.088385583727
113.75 31.5 35.985913911519
114 31.5 36
114.25 31.5 36
114.5 31.5 36
114.75 31.5 36
115 31.5 35.912653913709
115.25 31.5 35.726770464022
115.5 31.5 35.436683078287
115.75 31.5 35.474782191163
116 31.5 35.280412743435
116.25 31.5 35.166100333008
116.5 31.5 35.001358883616
116.75 31.5 34.931294035543
117 31.5 34.741659844445
117.25 31.5 34.432839748355
117.5 31.5 33.65093210314
117.75 31.5 33.146650552914
118 31.5 32.611819419607
118.25 31.5 31.879033238743
118.5 31.5 31.267789915257
118.75 31.5 31.062501969982
119 31.5 30.976084529129
119.25 31.5 31.094622573294
119.5 31.5 31.361122676818
119.75 31.5 31.602360835806
120 31.5 31.937527533649
120.25 31.5 32.289043296725
120.5 31.5 32.502925865063
120.75 31.5 32.72893149853
121 31.5 32.934349336259
121.25 31.5 33.059882347844
121.5 31.5 33.171056507411
121.75 31.5 33.2506079306
100.25 31.75 55.029
100.5 31.75 56.585448163794
100.75 31.75 56.025281046346
101 31.75 55.412964069589
101.25 31.75 55.046490483721
101.5 31.75 54.995067929397
101.75 31.75 54.763139753611
102 31.75 53.52786403549
102.25 31.75 53.544068989763
102.5 31.75 52.830460415107
102.75 31.75 51.774499444304
103 31.75 51.848628996592
103.25 31.75 51.006673653754
103.5 31.75 49.775761049965
103.75 31.75 48.119314082521
104 31.75 46.417286554559
104.25 31.75 44.867679739999
104.5 31.75 44.067930861322
104.75 31.75 42.631500617123
105 31.75 42.46575690435
105.25 31.75 41.94801
107 31.75 45.99945
107.25 31.75 46.162301539605
107.5 31.75 46.214784437564
107.75 31.75 46.396630418285
108 31.75 46.3829381463
108.25 31.75 46.618395035765
108.5 31.75 46.945686294989
108.75 31.75 47.178367836626
109 31.75 46.6275
110.25 31.75 43.17039
110.5 31.75 43.17039
111.25 31.75 36
111.5 31.75 36
111.75 31.75 36
112 31.75 36
112.25 31.75 36
112.5 31.75 36.076772305662
112.75 31.75 36.164956029215
113 31.75 35.930607431102
113.25 31.75 35.709560180552
113.5 31.75 35.767169361298
113.75 31.75 35.987805774873
114 31.75 35.973363593354
114.25 31.75 36
114.5 31.75 36
114.75 31.75 36
115 31.75 35.999145304043
115.25 31.75 35.786431493805
115.5 31.75 35.430681710011
115.75 31.75 35.073755780919
116 31.75 34.760469281352
116.25 31.75 34.429428168959
116.5 31.75 33.916784946542
116.75 31.75 33.920321411624
117 31.75 33.89645949159
117.25 31.75 33.748290874405
117.5 31.75 33.387819319923
117.75 31.75 33.098433460912
118 31.75 32.674225673654
118.25 31.75 31.897854090885
118.5 31.75 31.167115953653
118.75 31.75 31.047020644218
119 31.75 31.088252704836
119.25 31.75 31.173724618603
119.5 31.75 31.51524551144
119.75 31.75 31.773620002294
120 31.75 31.93398014336
120.25 31.75 32.21473653592
120.5 31.75 32.476169935927
120.75 31.75 32.735502429885
121 31.75 32.968411212857
121.25 31.75 33.040431233997
121.5 31.75 33.100430851349
121.75 31.75 33.16388955847
100.5 32 55.029
100.75 32 55.029
101 32 54.841287563483
101.25 32 54.886060162014
101.5 32 54.90696987662
101.75 32 54.208456715128
102 32 53.372084792412
102.25 32 53.02219133748
102.5 32 52.468908523868
102.75 32 52.035540521388
103 32 52.856639553108
103.25 32 51.881849010097
103.5 32 50.360324008697
103.75 32 48.948505693007
104 32 47.501446974734
104.25 32 45.877890235287
104.5 32 45.19451692444
104.75 32 42.718274502945
107.25 32 46.354725064899
107.5 32 46.937542765045
107.75 32 46.89072281718
108 32 46.781519120131
108.25 32 47.142187192785
108.5 32 46.428442645374
108.75 32 46.08111957244
109 32 46.036726660178
109.25 32 44.970065157544
109.5 32 44.92927544044
109.75 32 44.3972163129
110 32 43.851641907833
110.25 32 43.655466086632
110.5 32 43.480983865098
110.75 32 40.397120544896
111 32 39.381599674702
111.25 32 36
111.5 32 36
111.75 32 36
112 32 36
112.25 32 36
112.5 32 36.058368944046
112.75 32 36.026448299217
113 32 35.606273025644
113.25 32 35.058681370674
113.5 32 35.152801010955
113.75 32 35.449043175224
114 32 35.706025183057
114.25 32 35.790114415218
114.5 32 36
114.75 32 36
115 32 35.901098369115
115.25 32 35.721959127071
115.5 32 35.450082041223
115.75 32 35.074057249096
116 32 34.74449268119
116.25 32 33.783247594734
116.5 32 33.423824343681
116.75 32 33.192934594441
117 32 33.051471891479
117.25 32 33.003070002074
117.5 32 32.933207215648
117.75 32 32.648404894096
118 32 32.374567780868
118.25 32 32.007216959685
118.5 32 31.527205462426
118.75 32 31.317988188604
119 32 31.366718236354
119.25 32 31.509067908552
119.5 32 31.778828328682
119.75 32 31.974930249077
120 32 32.043765151967
120.25 32 32.293602058297
120.5 32 32.539424275866
120.75 32 32.765357605615
121 32 32.926014700567
121.25 32 32.999947327493
121.5 32 32.992974528987
121.75 32 33
100.75 32.25 55.029
101 32.25 54.63462875951
101.25 32.25 54.57740703156
101.5 32.25 54.385679166127
101.75 32.25 53.982464962189
102 32.25 53.183043821504
102.25 32.25 52.460251351848
102.5 32.25 51.607149089231
102.75 32.25 51.593805128408
103 32.25 52.145317326251
103.25 32.25 51.734024785979
103.5 32.25 50.930868934089
103.75 32.25 49.538402024651
104 32.25 48.296440873504
104.25 32.25 46.388484423429
104.5 32.25 43.25937
105.5 32.25 51.82528
105.75 32.25 51.82528
106 32.25 53.55626
106.25 32.25 53.329611443559
106.5 32.25 53.263111818181
106.75 32.25 50.647404092366
107 32.25 49.874142538938
107.25 32.25 47.168847588848
107.5 32.25 47.159756846952
107.75 32.25 47.381950417941
108 32.25 47.744693963259
108.25 32.25 47.625103663585
108.5 32.25 47.017016814699
108.75 32.25 46.36431754794
109 32.25 46.382321986453
109.25 32.25 45.043769834418
109.5 32.25 44.912876645177
109.75 32.25 44.468681028812
110 32.25 44.092652297969
110.25 32.25 43.630616227051
110.5 32.25 43.402155979608
110.75 32.25 40.695804185986
111 32.25 39.292818025157
111.25 32.25 38.023471067302
111.5 32.25 36
111.75 32.25 36
112 32.25 36
112.25 32.25 36
112.5 32.25 35.893947560185
112.75 32.25 35.676841990689
113 32.25 35.082724287346
113.25 32.25 34.337587728759
113.5 32.25 34.6186528091
113.75 32.25 35.019200948049
114 32.25 35.398981390642
114.25 32.25 35.56053211539
114.5 32.25 36
114.75 32.25 36
115 32.25 35.808681524078
115.25 32.25 35.660687419842
115.5 32.25 35.468039014503
115.75 32.25 35.068314591559
116 32.25 34.623016586838
116.25 32.25 33.779965769491
116.5 32.25 33.268436453352
116.75 32.25 32.736930772238
117 32.25 32.370839301321
117.25 32.25 32.27017975056
117.5 32.25 32.454401728437
117.75 32.25 32.198913651441
118 32.25 32.175899115701
118.25 32.25 32.103068642053
118.5 32.25 31.77820362076
118.75 32.25 31.543304137501
119 32.25 31.630295942507
119.25 32.25 31.757188923645
119.5 32.25 31.94676774553
119.75 32.25 32.037667601233
120 32.25 32.162828265912
120.25 32.25 32.376823359552
120.5 32.25 32.625697329533
120.75 32.25 32.806182130044
121 32.25 33.000191797081
121.25 32.25 33
121.5 32.25 33
121.75 32.25 33
122 32.25 33
100.75 32.5 55.029
101 32.5 54.413187683674
101.25 32.5 54.071635764452
101.5 32.5 53.8809361978
101.75 32.5 53.709211684706
102 32.5 52.91734325035
102.25 32.5 51.906258504683
102.5 32.5 50.841948272699
102.75 32.5 50.639829466439
103 32.5 51.051989485055
103.25 32.5 51.15904916097
103.5 32.5 50.736819524077
103.75 32.5 51.055987965684
104 32.5 49.10894
104.5 32.5 53.06169
104.75 32.5 53.06169
105 32.5 52.628667678513
105.25 32.5 52.451269998698
105.5 32.5 52.798535368584
105.75 32.5 52.613608315991
106 32.5 52.763458754461
106.25 32.5 52.939135854755
106.5 32.5 51.881073616553
106.75 32.5 50.981064840968
107 32.5 49.816688993796
107.25 32.5 48.504398630152
107.5 32.5 47.629324620116
107.75 32.5 47.992737876429
108 32.5 48.718312658029
108.25 32.5 48.756988581318
108.5 32.5 47.711674359761
108.75 32.5 46.584813028486
109 32.5 45.87889308658
109.25 32.5 45.162152925973
109.5 32.5 44.930246709943
109.75 32.5 44.560336590714
110 32.5 44.104770934052
110.25 32.5 43.618848234918
110.5 32.5 42.358428671958
110.75 32.5 40.830503802475
111 32.5 39.178391623149
111.25 32.5 37.598943981974
111.5 32.5 36
111.75 32.5 36
112 32.5 36
112.25 32.5 36
112.5 32.5 35.681324779834
112.75 32.5 35.397434421453
113 32.5 34.968310247609
113.25 32.5 34.5124075358
113.5 32.5 34.540662271337
113.75 32.5 34.904872092823
114 32.5 35.162695754837
114.25 32.5 36
114.5 32.5 36
114.75 32.5 36
115 32.5 36
115.25 32.5 35.62297525062
115.5 32.5 35.478704394762
115.75 32.5 35
116 32.5 34.59448960071
116.25 32.5 33.541497277018
116.5 32.5 32.836607589878
116.75 32.5 32.413356187316
117 32.5 32.112562380088
117.25 32.5 32.069284292564
117.5 32.5 32.16165748337
117.75 32.5 32.268466944137
118 32.5 32.10910131175
118.25 32.5 32.181095326348
118.5 32.5 31.679118307593
118.75 32.5 31.769889329177
119 32.5 31.831763674236
119.25 32.5 31.910774909123
119.5 32.5 31.976919186934
119.75 32.5 32.070819993233
120 32.5 32.211204801698
120.25 32.5 32.415238589161
120.5 32.5 32.702544261992
120.75 32.5 32.892500796118
121 32.5 33
121.25 32.5 33
121.5 32.5 33
121.75 32.5 33
122 32.5 33
101 32.75 54.230828972553
101.25 32.75 53.673613541986
101.5 32.75 53.41739709207
101.75 32.75 53.268473709183
102 32.75 52.582937496061
102.25 32.75 51.715355894754
102.5 32.75 50.696958854643
102.75 32.75 50.305926469104
103 32.75 50.595125061289
103.25 32.75 51.290777353626
103.5 32.75 51.741374056447
103.75 32.75 53.16091
104.25 32.75 53.06169
104.5 32.75 53.06169
104.75 32.75 52.856254062674
105 32.75 52.713777221715
105.25 32.75 52.483067329553
105.5 32.75 52.615783862857
105.75 32.75 54.03049074973
106 32.75 52.854402338283
106.25 32.75 52.650591596463
106.5 32.75 52.289921582189
106.75 32.75 51.347354788754
107 32.75 49.751753274933
107.25 32.75 48.686681313901
107.5 32.75 48.082455012098
107.75 32.75 48.295391605078
108 32.75 49.03002635746
108.25 32.75 49.312305209407
108.5 32.75 47.802502525149
108.75 32.75 46.204549255494
109 32.75 45.453089860009
109.25 32.75 45.36328996113
109.5 32.75 45.134142812101
109.75 32.75 44.672137079631
110 32.75 44.027695341513
110.25 32.75 43.276624793909
110.5 32.75 42.337998583362
110.75 32.75 40.874391504299
111 32.75 39.099749272713
111.25 32.75 37.331177879819
111.5 32.75 36
111.75 32.75 36
112 32.75 36
112.25 32.75 36
112.5 32.75 35.504939544186
112.75 32.75 35.243184519644
113 32.75 34.922429737061
113.25 32.75 34.561663697963
113.5 32.75 34.377951979335
113.75 32.75 33.687081278235
114 32.75 34.25
116.25 32.75 32
116.5 32.75 32
116.75 32.75 32
117 32.75 31.693054985585
117.25 32.75 31.647741739486
117.5 32.75 31.580130454544
117.75 32.75 31.515201120269
118 32.75 31.649402498618
118.25 32.75 31.576314996108
118.5 32.75 31.865479959381
118.75 32.75 31.865479959381
119 32.75 31.891596102076
119.25 32.75 31.688889252191
119.5 32.75 31.797591399844
119.75 32.75 31.879887398574
120 32.75 32.189879663039
120.25 32.75 32.437040682147
120.5 32.75 32.859641356079
120.75 32.75 32.99953331525
121 32.75 32.987822150199
121.25 32.75 33
121.5 32.75 33
121.75 32.75 33
122 32.75 33
100 33 60.086583487013
100.25 33 59.51301
100.5 33 59.51301
101 33 53.56328
101.25 33 52.946596429868
101.5 33 52.822724547007
101.75 33 52.629459469016
102 33 52.121803656163
102.25 33 51.376355758191
102.5 33 50.510054653105
102.75 33 50.045637225706
103 33 50.183740888117
103.25 33 50.84870862407
103.5 33 49.873656085488
104.25 33 53.06169
104.5 33 53.06169
104.75 33 52.971340417794
105 33 52.854586408496
105.25 33 53.403561483878
105.5 33 53.123140812738
105.75 33 53.221865820587
106 33 53.577059836544
106.25 33 53.703215357318
106.5 33 53.060193377942
106.75 33 52.057018908427
107 33 49.655555357509
107.25 33 47.685931972445
107.5 33 47.841863010808
107.75 33 48.045764974965
108 33 48.499938242491
108.25 33 48.425559768301
108.5 33 47.239774762419
108.75 33 45.555014336714
109 33 44.654698609062
109.25 33 45.062118066052
109.5 33 45.073941766791
109.75 33 43.379931781189
110 33 42.5555973149
110.25 33 41.740652584466
110.5 33 40.670106834627
110.75 33 39.29261786197
111 33 38.043086746879
111.25 33 37.658971866582
111.5 33 36
111.75 33 36
112 33 35.703338533845
112.25 33 36
112.5 33 36
112.75 33 35.189481257177
113 33 34.25
113.25 33 33.216694123099
113.5 33 33.107285516175
113.75 33 32.995450540599
114 33 32
114.25 33 32
116 33 33
116.25 33 32.063405184838
116.5 33 32.050901315813
116.75 33 31.473149612026
117 33 31.462816387536
117.25 33 31.435361326201
117.5 33 31.404109644811
117.75 33 31.357856684371
118 33 31.372416703965
118.25 33 31.485097700188
118.5 33 31.865479959381
118.75 33 31.865479959381
119 33 31.569020199188
119.25 33 31.610699321082
119.5 33 31.650609927305
119.75 33 31.719252748667
120 33 31.979663876391
120.25 33 32.328592887492
120.5 33 32.699808590501
120.75 33 32.888253867968
121 33 32.903528347321
121.25 33 33
121.5 33 33
121.75 33 33
122 33 33
100 33.25 60.001329465464
100.25 33.25 59.51301
100.5 33.25 59.51301
100.75 33.25 59.51301
101.25 33.25 52.77249682202
101.5 33.25 52.630057981308
101.75 33.25 51.97978660156
102 33.25 51.519756747001
102.25 33.25 51.018934680545
102.5 33.25 50.268991442363
102.75 33.25 49.745814000965
103 33.25 49.597691478925
103.25 33.25 49.940392341657
103.5 33.25 49.794033046375
104.25 33.25 53.06169
104.5 33.25 53.06169
104.75 33.25 53.057409511657
105 33.25 53.082002264726
105.25 33.25 52.419964629819
105.5 33.25 51.701578315133
105.75 33.25 51.542254606288
106 33.25 52.1045616945
106.25 33.25 52.741662552891
106.5 33.25 52.497413792364
106.75 33.25 52.101386005943
107 33.25 49.999704968976
107.25 33.25 48.36283025204
107.5 33.25 47.667170811198
107.75 33.25 47.421933873995
108 33.25 46.991629217875
108.25 33.25 46.853101060058
108.5 33.25 46.044230940641
108.75 33.25 44.54411996654
109 33.25 43.663181237831
109.25 33.25 42.742578887999
109.5 33.25 42.130657399293
109.75 33.25 41.304793689403
110 33.25 40.484286326711
110.25 33.25 39.775547326668
110.5 33.25 39.387777042091
110.75 33.25 37.945864002219
111 33.25 37.216684067285
111.25 33.25 38.051556121197
111.5 33.25 35.630957838919
111.75 33.25 35.584277395737
112 33.25 35.533582777829
112.25 33.25 35.495733636611
112.5 33.25 35.462010954259
113 33.25 32
113.25 33.25 32
113.5 33.25 32
113.75 33.25 32
114 33.25 32
114.25 33.25 32
114.5 33.25 32
115 33.25 34
115.25 33.25 33
115.5 33.25 33
115.75 33.25 33
116 33.25 32.43144529556
116.25 33.25 32.168310169387
116.5 33.25 31.821244234395
116.75 33.25 31.473607104022
117 33.25 31.282403061756
117.25 33.25 31.248802945787
117.5 33.25 31
117.75 33.25 31
118 33.25 31.271884889361
118.25 33.25 31.38776652897
118.5 33.25 31.13278178463
118.75 33.25 31.138406795635
119 33.25 31.15764180381
119.25 33.25 31.273349573215
119.5 33.25 31.418038162938
119.75 33.25 31.539873627938
120 33.25 31.77543450812
120.25 33.25 32.061997149353
120.5 33.25 32.439051458496
120.75 33.25 32.660524861503
121 33.25 32.760492547037
121.25 33.25 33
121.5 33.25 33
100 33.5 59.862402945504
100.25 33.5 59.831444027605
100.5 33.5 59.956772516703
100.75 33.5 58.429817421929
101 33.5 57
101.25 33.5 57
101.5 33.5 52.09756
101.75 33.5 51.145367540397
102 33.5 51.142531862747
102.25 33.5 50.672190235288
102.5 33.5 50.050911139279
102.75 33.5 49.560505972535
103 33.5 49.828604600037
103.25 33.5 49.944028822827
103.5 33.5 49.831878212251
104.25 33.5 53.06169
104.5 33.5 53.06169
104.75 33.5 53.029345825041
105 33.5 51.607563204348
105.25 33.5 50.535912783792
105.5 33.5 49.465005880637
105.75 33.5 48.948651193609
106 33.5 49.560838475119
106.25 33.5 50.603054825279
106.5 33.5 50.516139695954
106.75 33.5 51.680226246588
107 33.5 50.32116483835
107.25 33.5 49.095713899034
107.5 33.5 47.773190363288
107.75 33.5 45.290678887872
108 33.5 44.981984289105
108.25 33.5 44.642405592005
108.5 33.5 43.759864518288
108.75 33.5 42.674920310199
109 33.5 41.321321956576
109.25 33.5 40.926143989813
109.5 33.5 40.334493617954
109.75 33.5 39.369583530194
110 33.5 38.48638343906
110.25 33.5 37.658839375652
110.5 33.5 37.591597564631
110.75 33.5 38.122481922042
111 33.5 36.421776416945
111.25 33.5 35.671673022422
111.5 33.5 35.472458660972
111.75 33.5 35.393968962373
112 33.5 35.323009985832
112.25 33.5 35
112.5 33.5 35
112.75 33.5 35
113 33.5 33.478895244399
113.25 33.5 32
113.5 33.5 32
113.75 33.5 32
114 33.5 32.325187171296
114.25 33.5 32.773876386483
114.5 33.5 32.915910532558
114.75 33.5 33.118172953177
115 33.5 33.573700522862
115.25 33.5 33.414175146051
115.5 33.5 33.253771727356
115.75 33.5 33
116 33.5 32.630591698702
116.25 33.5 32.346227579237
116.5 33.5 31.877038625861
116.75 33.5 31.372109191639
117 33.5 31.093496611344
117.25 33.5 31
117.5 33.5 31
117.75 33.5 31
118 33.5 31
118.25 33.5 30.69452946052
118.5 33.5 30.955303449146
118.75 33.5 30.97189215499
119 33.5 30.844687814288
119.25 33.5 30.760922593937
119.5 33.5 31.029802293545
119.75 33.5 31.306411427875
120 33.5 31.580292982624
120.25 33.5 31.869144701789
120.5 33.5 32.14705815498
120.75 33.5 32.503038450535
121 33.5 32.626224483143
121.25 33.5 33
100 33.75 59.635171835682
100.25 33.75 59.807823696613
100.5 33.75 59.093546614262
100.75 33.75 58.586063140062
101 33.75 58.014555193435
101.25 33.75 56.462155973782
101.5 33.75 56.180559603782
101.75 33.75 53.507060922313
102 33.75 52.168265807896
102.25 33.75 50.594901007196
102.5 33.75 50.190214537564
102.75 33.75 49.922487004765
103 33.75 49.97431480918
103.25 33.75 49.939135443833
103.5 33.75 49.940648479644
104.25 33.75 53.06169
104.5 33.75 53.06169
104.75 33.75 51.315709253161
105 33.75 50.041281264778
105.25 33.75 49.007914196705
105.5 33.75 47.210141982051
105.75 33.75 45.849549026017
106 33.75 47.432867273943
106.25 33.75 48.684793530102
106.5 33.75 48.952463778323
106.75 33.75 51.457558015338
107 33.75 50.386418107798
107.25 33.75 49.520018237636
107.5 33.75 46.902994289452
107.75 33.75 43.856981116426
108 33.75 42.789137241511
108.25 33.75 41.816353315829
108.5 33.75 40.506726513537
108.75 33.75 40.427479875265
109 33.75 39.390183244389
109.25 33.75 39.084300531507
109.5 33.75 38.203669293325
109.75 33.75 36
110 33.75 36.729038459951
110.25 33.75 36
110.5 33.75 36
110.75 33.75 36
111 33.75 36
111.25 33.75 35.464530640995
111.5 33.75 35
111.75 33.75 35
112 33.75 35
112.25 33.75 35
112.5 33.75 35
112.75 33.75 35
113 33.75 33.703121164468
113.25 33.75 33.220830738569
113.5 33.75 32.540220883577
113.75 33.75 32.128716622991
114 33.75 32.486208070447
114.25 33.75 32.897702943029
114.5 33.75 33.286308013692
114.75 33.75 33.278930326438
115 33.75 33.823313903365
115.25 33.75 33.439105651108
115.5 33.75 33.211893462949
115.75 33.75 33.070826716597
116 33.75 32.876010452541
116.25 33.75 32.647916534412
116.5 33.75 32.015009429029
116.75 33.75 31.267108623196
117 33.75 31.003265543003
117.25 33.75 31
117.5 33.75 31
117.75 33.75 31
118 33.75 31
118.25 33.75 30.755079951832
118.5 33.75 30.577716236244
118.75 33.75 30.474413013989
119 33.75 30.386139290231
119.25 33.75 30.519377465094
119.5 33.75 30.81505639777
119.75 33.75 31.09443510556
120 33.75 31.329175460458
120.25 33.75 31.716828018118
120.5 33.75 31.963137992871
120.75 33.75 32.411637626574
121 33.75 32.526310689558
100 34 60.071043985842
100.25 34 59.963000524035
100.5 34 59.181478249272
100.75 34 58.305755789379
101 34 56.962017524851
101.25 34 57.09555126052
101.5 34 56.094077037624
101.75 34 53.972171845663
102 34 52.212648039727
102.25 34 51.447887956304
102.5 34 50.153794939216
102.75 34 50.260481799886
103 34 50.146739601856
103.25 34 50.08389106468
103.5 34 50.048308595514
104.5 34 53.06169
104.75 34 49.857801851658
105 34 48.80127001463
105.25 34 47.710069793468
105.5 34 46.306722751736
105.75 34 45.019774439922
106 34 46.126544186493
106.25 34 47.652604131606
106.5 34 48.644679246574
106.75 34 53.06169
107 34 50.45118429072
107.25 34 47.62147
107.5 34 47.62147
107.75 34 41.50252440862
108 34 40.918453295057
108.25 34 39.96886165305
108.5 34 38.735452960533
108.75 34 39.310660232719
109 34 38.700606978287
109.25 34 37.670184043935
109.5 34 36.94476078593
109.75 34 36.044203417691
110 34 36
110.25 34 36
110.5 34 36
110.75 34 36
111 34 36
111.25 34 35.440787214213
111.5 34 35
111.75 34 35
112 34 35
112.25 34 35
112.5 34 35
112.75 34 35
113 34 34.112128202296
113.25 34 33.7615320758
113.5 34 33.327737585569
113.75 34 33.028426795572
114 34 33.270516725296
114.25 34 33.578787640452
114.5 34 33.749423926226
114.75 34 33.763583750336
115 34 33.884306239452
115.25 34 33.519108700975
115.5 34 33.153317158939
115.75 34 33.003123169387
116 34 32.998883115342
116.25 34 32.86086308294
116.5 34 32.191265705701
116.75 34 31.558291382469
117 34 31.223017896591
117.25 34 31
117.5 34 31
117.75 34 31
118 34 31
118.25 34 30.843849828315
118.5 34 30.578682838169
118.75 34 30.340028086433
119 34 30.088274079623
119.25 34 30.339246267684
119.5 34 30.566163808275
119.75 34 30.886371686685
120 34 31.1209138429
120.25 34 31.466867087084
120.5 34 31.580344765036
120.75 34 32
100 34.25 60.644919282875
100.25 34.25 60.787512033665
100.5 34.25 60.13742764708
100.75 34.25 58.902427453422
101 34.25 57.365490496445
101.25 34.25 56.103035827804
101.5 34.25 55.918243049207
101.75 34.25 54.18671921788
102 34.25 53.093708236074
102.25 34.25 51.749327953261
102.5 34.25 50.930491090326
102.75 34.25 50.285191838539
103 34.25 50.095270623524
103.25 34.25 49.97488953065
103.5 34.25 49.942776597317
103.75 34.25 49.754039520514
104 34.25 49.65083800492
104.25 34.25 49.709826381475
104.5 34.25 48.9289350198
104.75 34.25 48.71439524246
105 34.25 48.648641325551
105.25 34.25 47.403781518616
105.5 34.25 45.61762863689
105.75 34.25 44.98641399043
106 34.25 45.06587575187
106.25 34.25 45.163386927662
106.5 34.25 45.227644805051
107.75 34.25 38.58852
108 34.25 40.09490857864
108.25 34.25 39.338999947321
108.5 34.25 39.548219169856
108.75 34.25 39.596700603823
109 34.25 39.038517637795
109.25 34.25 38.505268353448
109.5 34.25 37.833029269914
109.75 34.25 37.121336599702
110 34.25 36.888038443583
110.25 34.25 36
110.5 34.25 35.628903279129
110.75 34.25 35.514253610107
111 34.25 35.447681395216
111.25 34.25 34.964054794975
111.5 34.25 35
111.75 34.25 35
112 34.25 35
112.25 34.25 35
112.5 34.25 35
112.75 34.25 34.996695447718
113 34.25 34.547091835014
113.25 34.25 34.329701171864
113.5 34.25 34.10256802949
113.75 34.25 33.978195914844
114 34.25 34.182401716279
114.25 34.25 34.430434865442
114.5 34.25 34.445447786054
114.75 34.25 34.352127322394
115 34.25 33.977308962491
115.25 34.25 33.616986938038
115.5 34.25 33.302468080873
115.75 34.25 33.144144801342
116 34.25 32.89961625391
116.25 34.25 32.679701593039
116.5 34.25 32.253176240398
116.75 34.25 31.799763877571
117 34.25 31.479572065756
117.25 34.25 31
117.5 34.25 31
117.75 34.25 31
118 34.25 31.153811554579
118.25 34.25 30.990884852528
118.5 34.25 30.755414368786
118.75 34.25 30.606379642407
119 34.25 30.45436210585
119.25 34.25 30.576653831276
119.5 34.25 30.835205198808
119.75 34.25 30.574886670738
120 34.25 30.677868452432
120.25 34.25 31
100 34.5 61.136402739272
100.25 34.5 61.888990553224
100.5 34.5 61.438803996299
100.75 34.5 60.209264824354
101 34.5 58.182767101131
101.25 34.5 56.571747576453
101.5 34.5 55.375869764309
101.75 34.5 54.379180317244
102 34.5 53.121375978211
102.25 34.5 51.97885373162
102.5 34.5 51.105400280856
102.75 34.5 50.362830853996
103 34.5 50.184984779228
103.25 34.5 49.952429045816
103.5 34.5 49.880551848881
103.75 34.5 49.714094145251
104 34.5 49.715442125973
104.25 34.5 49.311212353482
104.5 34.5 49.037784657493
104.75 34.5 48.668372362077
105 34.5 47.199958544019
105.25 34.5 46.449768500288
105.5 34.5 45.760755047099
105.75 34.5 45.362246557307
106 34.5 45.14088656624
106.25 34.5 45.158266059426
106.5 34.5 45.037634244087
106.75 34.5 44.873033925364
107 34.5 44.823820443495
107.25 34.5 44.66819
107.5 34.5 42.914578898267
107.75 34.5 41.373
108 34.5 38.58852
108.25 34.5 38.58852
108.5 34.5 40.038600658117
108.75 34.5 40.220504319317
109 34.5 40.015312489115
109.25 34.5 39.587324803876
109.5 34.5 38.942323822431
109.75 34.5 38.261568731007
110 34.5 37.819859410151
110.25 34.5 36.503537216087
110.5 34.5 35.742755536451
110.75 34.5 35.501044787148
111 34.5 34.92446
111.25 34.5 34.955758416663
111.5 34.5 34.965068850065
111.75 34.5 35
112 34.5 35
112.25 34.5 35.17224315473
112.5 34.5 35.134638806635
112.75 34.5 35.116773980711
113 34.5 35.145128417598
113.25 34.5 34.908397047594
113.5 34.5 34.780771740048
113.75 34.5 34.819039623539
114 34.5 34.845657495372
114.25 34.5 34.994902876477
114.5 34.5 34.842385721269
114.75 34.5 34.542387403944
115 34.5 34.195555718243
115.25 34.5 33.840336319546
115.5 34.5 33.549298415398
115.75 34.5 33.380384669168
116 34.5 33.336500042903
116.25 34.5 32.935895607114
116.5 34.5 32.264371797823
116.75 34.5 31.934942718483
117 34.5 31.662166006406
117.25 34.5 31
117.5 34.5 31.890320391725
117.75 34.5 31.723796192438
118 34.5 31.664899898015
118.25 34.5 31.390270192104
118.5 34.5 31.137105864788
118.75 34.5 31.091934616892
119 34.5 30.980223239614
119.25 34.5 31.00588822053
119.5 34.5 31.089728921001
119.75 34.5 30.468486009116
120 34.5 31
100 34.75 61.749477159403
100.25 34.75 62.854806672958
100.5 34.75 62.699772248197
100.75 34.75 62.171659673177
101 34.75 59.840868344788
101.25 34.75 57.503687333944
101.5 34.75 55.756604075144
101.75 34.75 54.398117638143
102 34.75 53.096096139351
102.25 34.75 52.073940735575
102.5 34.75 51.098467676694
102.75 34.75 50.441167660157
103 34.75 50.144488316386
103.25 34.75 49.991499804776
103.5 34.75 49.718988955517
103.75 34.75 49.383972799117
104 34.75 49.268055046574
104.25 34.75 49.270377475397
104.5 34.75 49.239155201552
104.75 34.75 48.505614067628
105 34.75 47.668217827321
105.25 34.75 46.466447448778
105.5 34.75 45.829467707514
105.75 34.75 45.425084436922
106 34.75 45.191598232544
106.25 34.75 45.124945248322
106.5 34.75 45.060575333136
106.75 34.75 44.949800239568
107 34.75 44.009293539384
107.25 34.75 43.468672147575
107.5 34.75 42.824038327969
107.75 34.75 42.350227793545
108 34.75 41.373
108.25 34.75 40.51247520947
108.5 34.75 40.623104575724
108.75 34.75 40.860749995186
109 34.75 41.065622237988
109.25 34.75 40.798825455377
109.5 34.75 40.01461356042
109.75 34.75 38.706539278144
110 34.75 37.736049897579
110.25 34.75 36.788023671266
110.5 34.75 35.74744914979
110.75 34.75 35.341093456157
111 34.75 35.0297920334
111.25 34.75 34.931962138953
111.5 34.75 34.957003257662
111.75 34.75 35.20556560072
112 34.75 35.400660477389
112.25 34.75 35.386106455246
112.5 34.75 35.390697801436
112.75 34.75 35.42561846283
113 34.75 35.418795366477
113.25 34.75 35.341825660941
113.5 34.75 35.201046830988
113.75 34.75 35.065730642835
114 34.75 35
114.25 34.75 34.991476425885
114.5 34.75 34.890331496426
114.75 34.75 34.685993809247
115 34.75 34.42748563769
115.25 34.75 34.073641620228
115.5 34.75 33.762741206492
115.75 34.75 33.563764270303
116 34.75 33.522280682255
116.25 34.75 33.471066756754
116.5 34.75 33
116.75 34.75 32.012876399579
117 34.75 33
117.25 34.75 33
117.5 34.75 33
117.75 34.75 32.210763763326
118 34.75 31.959052156878
118.25 34.75 31.747824530053
118.5 34.75 31.657878460723
118.75 34.75 31.687064245027
119 34.75 31.506232475827
119.25 34.75 31.286850960324
119.5 34.75 31.135309472405
119.75 34.75 31.005511040757
100.25 35 61.996550969377
100.5 35 63.200611352656
100.75 35 63.559520211567
101 35 60.540715285301
101.25 35 58.000663000482
101.5 35 55.973558869211
101.75 35 54.4568181078
102 35 52.788223677746
102.25 35 51.836647529921
102.5 35 50.915286578891
102.75 35 50.313300008862
103 35 49.959580348101
103.25 35 49.852644708965
103.5 35 49.838460718694
103.75 35 49.643551884425
104 35 49.687034677242
104.25 35 49.865761780155
104.5 35 49.530911519853
104.75 35 48.499865696065
105 35 47.465861350887
105.25 35 46.558702536136
105.5 35 46.058831178523
105.75 35 45.848775070371
106 35 45.58423634188
106.25 35 45.465298737863
106.5 35 45.283761880658
106.75 35 44.668769563148
107 35 44.211759858859
107.25 35 43.505002504864
107.5 35 42.662899549485
107.75 35 41.815304321467
108 35 41.071712603804
108.25 35 41.274893937053
108.5 35 41.232251552265
108.75 35 41.598707408437
109 35 41.868678604404
109.25 35 41.767638095665
109.5 35 41.073034868739
109.75 35 39.530557216231
110 35 38.839413173779
110.25 35 37.779764648431
110.5 35 36.333901756472
110.75 35 35.424765990611
111 35 34.928649630798
111.25 35 34.951612509416
111.5 35 35.435883620024
111.75 35 35.484106245958
112 35 35.803225347502
112.25 35 35.596247321479
112.5 35 35.641403568536
112.75 35 35.711627266776
113 35 35.736434589436
113.25 35 35.584333769367
113.5 35 35.369888451382
113.75 35 35.148420253828
114 35 35
114.25 35 35
114.5 35 34.958279723315
114.75 35 34.854296781841
115 35 34.684645160591
115.25 35 34.297489501502
115.5 35 33.920265193068
115.75 35 33.762290908758
116 35 34.005568217979
116.25 35 34
116.5 35 33
116.75 35 33
117 35 33
117.25 35 33
117.5 35 32.830112706287
117.75 35 32.521971702368
118 35 32.317300873392
118.25 35 32.104621630984
118.5 35 31.961151429674
118.75 35 32.046576865744
119 35 31.836619916416
119.25 35 31.591691765981
119.5 35 32
119.75 35 32
100.5 35.25 61.5455613589
100.75 35.25 61.490857942893
101 35.25 59.48645245736
101.25 35.25 57.645700785332
101.5 35.25 55.86828992927
101.75 35.25 54.625930096701
102 35.25 53.09745281805
102.25 35.25 51.230026312164
102.5 35.25 50.157051577415
102.75 35.25 49.644291312504
103 35.25 49.397168244186
103.25 35.25 49.936466083866
103.5 35.25 50.385568823539
103.75 35.25 50.389281888687
104 35.25 50.541463782954
104.25 35.25 50.403692364927
104.5 35.25 48.79854740684
104.75 35.25 47.500058629443
105 35.25 46.370156208049
105.25 35.25 45.871402793499
105.5 35.25 45.426671315028
105.75 35.25 45.328187347381
106 35.25 45.412674285139
106.25 35.25 45.203383334271
106.5 35.25 45.107715003984
106.75 35.25 44.913155004227
107 35.25 44.534078816506
107.25 35.25 43.563524431104
107.5 35.25 42.274209451376
107.75 35.25 41.518518182285
108 35.25 41.317586167977
108.25 35.25 41.217589483807
108.5 35.25 41.30888732635
108.75 35.25 41.653285723391
109 35.25 42.01934399187
109.25 35.25 41.91689336306
109.5 35.25 41.385494003083
109.75 35.25 40.298239204828
110 35.25 39.228464800383
110.25 35.25 37.733247031118
110.5 35.25 36.703580559223
110.75 35.25 35.864950179118
111 35.25 35.538432984938
111.25 35.25 35.641412915681
111.5 35.25 35.708816926479
111.75 35.25 35.83976602605
112 35.25 36.297371252216
112.25 35.25 35.906541530282
112.5 35.25 35.659021098551
112.75 35.25 35.842694616341
113 35.25 36.135899460276
113.25 35.25 36.187165422491
113.5 35.25 36.057226735894
113.75 35.25 35.626470638265
114 35.25 35.218763221444
114.25 35.25 35
114.5 35.25 35.025628728516
114.75 35.25 34.972413085839
115 35.25 34.963749712839
115.25 35.25 34.496442862937
115.5 35.25 33.869430823577
115.75 35.25 34.427720564856
116 35.25 35.067041883838
116.25 35.25 34.212112000058
116.5 35.25 34.737478472632
116.75 35.25 34.09354317736
117 35.25 33
117.25 35.25 33
117.5 35.25 32.711479910313
117.75 35.25 32.782760860468
118 35.25 32.686878232055
118.25 35.25 32.552974680234
118.5 35.25 32.589859529229
118.75 35.25 32.76437404493
119 35.25 33.143183220842
119.25 35.25 33.467848077026
119.5 35.25 33.740842812782
119.75 35.25 34.798737126496
120 35.25 34.5863797418
120.25 35.25 34
120.5 35.25 34
100.5 35.5 60.601452674432
100.75 35.5 59.570438074569
101 35.5 57.997480497315
101.25 35.5 56.999079664402
101.5 35.5 56.239179813578
101.75 35.5 54.8269010511
102 35.5 52.575439874277
102.25 35.5 49.74889482216
102.5 35.5 49.328791115064
102.75 35.5 48.780127341867
103 35.5 49.476731551938
103.25 35.5 50.26184976867
103.5 35.5 51.134136983254
103.75 35.5 51.731517048461
104 35.5 51.51642925907
104.25 35.5 49.733560493265
104.5 35.5 47.767480772991
104.75 35.5 46.073651856265
105 35.5 44.979573341513
105.25 35.5 45.226615818281
105.5 35.5 45.320223129281
105.75 35.5 45.13622278558
106 35.5 44.618234293267
106.25 35.5 44.58256465917
106.5 35.5 44.699782930452
106.75 35.5 44.612364681083
107 35.5 44.523102517938
107.25 35.5 43.468570467325
107.5 35.5 42.126835692881
107.75 35.5 41.455382804832
108 35.5 41.434929654254
108.25 35.5 41.429482224453
108.5 35.5 41.362607618325
108.75 35.5 41.820267215961
109 35.5 42.337952874132
109.25 35.5 42.269298701806
109.5 35.5 41.686735530363
109.75 35.5 40.721237280354
110 35.5 39.768928065654
110.25 35.5 38.500067314964
110.5 35.5 37.436615348478
110.75 35.5 36.725044243546
111 35.5 36.372499367955
111.25 35.5 36.253938481395
111.5 35.5 36.208741488801
111.75 35.5 36.183264037471
112 35.5 36.356377732641
112.25 35.5 35.857907932008
112.5 35.5 36.310904723721
112.75 35.5 36.798897963012
113 35.5 37.162735147862
113.25 35.5 37.320701150818
113.5 35.5 36.878337689667
113.75 35.5 36.27946000897
114 35.5 35.691116691278
114.25 35.5 35.10893920578
114.5 35.5 34.922597666435
114.75 35.5 34.919057242468
115 35.5 34.790505043273
115.25 35.5 34.26876941048
115.5 35.5 33.951039854745
115.75 35.5 34.214404781638
116 35.5 34.285313691368
116.25 35.5 34.623332840828
116.5 35.5 34.768538519868
116.75 35.5 33.891008286116
117 35.5 33.490475232849
117.25 35.5 32.840317385086
117.5 35.5 33.010624398054
117.75 35.5 33.218280953415
118 35.5 33.218560512906
118.25 35.5 33.165430058894
118.5 35.5 33.139026210332
118.75 35.5 33.409780422122
119 35.5 33.727463729091
119.25 35.5 34.036417305142
119.5 35.5 33.997921972004
119.75 35.5 34.733849573246
120 35.5 34.532030583179
120.25 35.5 34.311295726534
120.5 35.5 34
120.75 35.5 34
100.75 35.75 58.817466107542
101 35.75 57.906939671994
101.25 35.75 57.582850125356
101.5 35.75 57.58283
101.75 35.75 57.58283
102 35.75 52.265985245749
102.25 35.75 49.176196318538
102.5 35.75 47.779002464975
102.75 35.75 48.149483242629
103 35.75 49.470313597265
103.25 35.75 51.772246984329
103.5 35.75 52.868464406224
103.75 35.75 53.016814404026
104 35.75 52.941222132661
104.25 35.75 50.549906242566
104.5 35.75 47.64321390856
104.75 35.75 44.720519584163
105 35.75 43.534187420091
105.25 35.75 44.548622343475
105.5 35.75 45.626492168226
105.75 35.75 45.075617266858
106 35.75 43.665432350459
106.25 35.75 44.528733471254
106.5 35.75 45.198802891323
106.75 35.75 45.130599167828
107 35.75 44.195407096788
107.25 35.75 43.421392240835
107.5 35.75 42.541873243483
107.75 35.75 42.093944713093
108 35.75 42.102913052713
108.25 35.75 42.218917363822
108.5 35.75 42.018678109141
108.75 35.75 42.228255552093
109 35.75 42.765527113723
109.25 35.75 42.82055629252
109.5 35.75 42.34297938299
109.75 35.75 41.355728269323
110 35.75 40.482227699015
110.25 35.75 39.332902384314
110.5 35.75 38.345142805488
110.75 35.75 37.61283299705
111 35.75 37.136217677842
111.25 35.75 36.914164945007
111.5 35.75 36.754378762014
111.75 35.75 36.868002759174
112 35.75 36.625330094395
112.25 35.75 36.746627996597
112.5 35.75 37.390849083615
112.75 35.75 38.128196058849
113 35.75 38.646477645323
113.25 35.75 38.452838236261
113.5 35.75 37.777283759177
113.75 35.75 36.721830378055
114 35.75 35.847352017785
114.25 35.75 35.217655198956
114.5 35.75 34.850768049065
114.75 35.75 34.878295223065
115 35.75 34.565892751113
115.25 35.75 33.838488317179
115.5 35.75 33.419555487
115.75 35.75 33.780495353395
116 35.75 34.660412803709
116.25 35.75 35.038866852767
116.5 35.75 34.502918030273
116.75 35.75 33.630649400876
117 35.75 33.051280005564
117.25 35.75 33.138268001463
117.5 35.75 33.465640998316
117.75 35.75 33.837580006778
118 35.75 33.828218749631
118.25 35.75 33.681729089623
118.5 35.75 33.712042045865
118.75 35.75 33.98128320581
119 35.75 34.360173317363
119.25 35.75 34.592516650949
119.5 35.75 35.109136999653
119.75 35.75 34.808499639692
120 35.75 34.438157483935
120.25 35.75 34.173690719644
120.5 35.75 34
120.75 35.75 34
121 35.75 34
100.75 36 57.58283
101 36 57.58283
101.25 36 57.58283
101.5 36 57.58283
101.75 36 57.58283
102 36 48.221433358402
102.25 36 48.153286946419
102.5 36 46.893869033168
102.75 36 47.579010334912
103 36 50.071058905211
103.25 36 53.066658973144
103.5 36 54.285747128751
103.75 36 54.245808683435
104 36 53.487414278153
104.25 36 51.480620640504
104.5 36 47.987056665774
104.75 36 43.409839236916
105 36 40.861774145841
105.25 36 44.315384766352
105.5 36 47.32337998984
105.75 36 46.673290277006
106 36 45.460811006511
106.25 36 45.611072513211
106.5 36 45.949488712251
106.75 36 46.21208851389
107 36 44.745776057981
107.25 36 43.370689363511
107.5 36 42.870464300365
107.75 36 42.615391274411
108 36 42.606220738901
108.25 36 42.701390159796
108.5 36 42.427220930222
108.75 36 42.527984957588
109 36 43.142187834981
109.25 36 43.503683979665
109.5 36 43.030011839328
109.75 36 42.4180945878
110 36 41.299502488016
110.25 36 40.198375477297
110.5 36 39.227786843782
110.75 36 38.329790179815
111 36 37.777158697287
111.25 36 37.51570881547
111.5 36 37.409539690025
111.75 36 37.058320129933
112 36 37.358833522773
112.25 36 37.829550803138
112.5 36 38.599533909888
112.75 36 39.632456425219
113 36 39.830182337965
113.25 36 39.234919299215
113.5 36 38.658235828438
113.75 36 36.832293709746
114 36 35.609263264318
114.25 36 35.083230568488
114.5 36 34.796859391965
114.75 36 34.702878758093
115 36 34.437681766908
115.25 36 33.681515018621
115.5 36 32.722347098984
115.75 36 32.963888362372
116 36 35.196656238756
116.25 36 36.827230807361
116.5 36 35.157054724773
116.75 36 33.230039877394
117 36 32.918111518865
117.25 36 33.440565180433
117.5 36 33.91596890348
117.75 36 34.59630071398
118 36 34.49721353631
118.25 36 34.026659717466
118.5 36 34.12678282222
118.75 36 34.535331642151
119 36 35.056773741682
119.25 36 35.272469716151
119.5 36 35.401687682034
119.75 36 34.886626913548
120 36 34.301804982368
120.25 36 34.012833083868
120.5 36 34
120.75 36 34
121 36 34
122.25 36 35
122.5 36 35
122.75 36 35
101 36.25 57.58283
101.25 36.25 57.58283
101.5 36.25 57.58283
101.75 36.25 52.61324
102 36.25 50.078417208139
102.25 36.25 49.466941568561
102.5 36.25 46.794598840412
102.75 36.25 47.835197461666
103 36.25 49.816994624153
103.25 36.25 53.059184856566
103.5 36.25 53.459046793338
103.75 36.25 53.774954667795
104 36.25 54.879820597014
104.25 36.25 52.999663719179
104.5 36.25 49.985060033799
104.75 36.25 45.11024592278
105 36.25 42.494845400625
105.25 36.25 45.547257803004
105.5 36.25 48.428610026364
105.75 36.25 47.99256576038
106 36.25 47.261570546487
106.25 36.25 47.277504372155
106.5 36.25 46.325982398013
106.75 36.25 45.572732953647
107 36.25 44.99095893704
107.25 36.25 43.409314391757
107.5 36.25 43.0729072243
107.75 36.25 42.804998883465
108 36.25 42.787234582602
108.25 36.25 42.580129456783
108.5 36.25 42.388161723017
108.75 36.25 42.367192787285
109 36.25 43.135862698928
109.25 36.25 44.499833875619
109.5 36.25 43.904068418589
109.75 36.25 43.184710524021
110 36.25 42.104467528757
110.25 36.25 41.055454424942
110.5 36.25 40.041807379681
110.75 36.25 38.983057089794
111 36.25 38.401891189567
111.25 36.25 37.969569937455
111.5 36.25 37.63401876587
111.75 36.25 37.274538607384
112 36.25 38.082215053167
112.25 36.25 38.437454051524
112.5 36.25 39.174392773781
112.75 36.25 39.641334992049
113 36.25 39.61795701897
113.25 36.25 38.693280913718
113.5 36.25 37.36634958961
113.75 36.25 35.68639744987
114 36.25 35.093972407186
114.25 36.25 34.721470999508
114.5 36.25 34.768026714453
114.75 36.25 34.73839302062
115 36.25 34.458648494327
115.25 36.25 33.78655677371
115.5 36.25 33.13813307587
115.75 36.25 33.515857322748
116 36.25 35.358049135151
116.25 36.25 36.410331397877
116.5 36.25 35.286522965417
116.75 36.25 33.642485782721
117 36.25 33.041195385947
117.25 36.25 33.418414975611
117.5 36.25 33.928188462048
117.75 36.25 34.410437607397
118 36.25 34.33046998814
118.25 36.25 34.028092411429
118.5 36.25 34.075299863962
118.75 36.25 34.421401125066
119 36.25 34.8340915813
119.25 36.25 35.225250081504
119.5 36.25 35.236224442747
119.75 36.25 34.853815506124
120 36.25 34.374418270176
120.25 36.25 34.092855789626
120.5 36.25 34.465096786011
120.75 36.25 34.797951171748
121 36.25 34.999519159531
121.25 36.25 36
121.5 36.25 36
121.75 36.25 36
122 36.25 35.575100800235
122.25 36.25 35.420818229054
122.5 36.25 35.274129743459
122.75 36.25 35
123 36.25 35
101.25 36.5 54.000780849013
101.5 36.5 53.706290084186
101.75 36.5 53.359529222221
102 36.5 51.126601152793
102.25 36.5 49.95713756988
102.5 36.5 48.401994217245
102.75 36.5 47.931224770174
103 36.5 48.628410228342
103.25 36.5 49.714367136422
103.5 36.5 48.90241428077
103.75 36.5 49.097374567492
104 36.5 53.942554489486
104.25 36.5 54.554752509888
104.5 36.5 53.13212499431
104.75 36.5 49.704755609318
105 36.5 47.921604353153
105.25 36.5 47.628099535091
105.5 36.5 48.049621091933
105.75 36.5 48.556718147434
106 36.5 48.648788364653
106.25 36.5 48.647309149793
106.5 36.5 47.087726044911
106.75 36.5 46.224229363746
107 36.5 45.006699478139
107.25 36.5 43.204138822358
107.5 36.5 43.113484625728
107.75 36.5 42.961521860797
108 36.5 42.748146235405
108.25 36.5 42.457513875256
108.5 36.5 42.206858064496
108.75 36.5 42.024090891395
109 36.5 42.107198840483
109.25 36.5 44.161622273429
109.5 36.5 44.076520478407
109.75 36.5 43.74552303354
110 36.5 42.961054074349
110.25 36.5 42.122505018779
110.5 36.5 41.033989516642
110.75 36.5 39.769564140591
111 36.5 38.973767486983
111.25 36.5 38.217540624296
111.5 36.5 37.870882993915
111.75 36.5 37.619079951731
112 36.5 38.63422780524
112.25 36.5 38.877195091969
112.5 36.5 39.467386439445
112.75 36.5 39.175027924137
113 36.5 38.54106195078
113.25 36.5 37.608901230708
113.5 36.5 36.169518784015
113.75 36.5 34.945390080418
114 36.5 34.787546117478
114.25 36.5 34.64300357377
114.5 36.5 34.851662166591
114.75 36.5 34.754873287752
115 36.5 34.672726442576
115.25 36.5 34.444637981605
115.5 36.5 34.071659597991
115.75 36.5 34.477653285313
116 36.5 35.273314421593
116.25 36.5 35.529540274566
116.5 36.5 34.813322042766
116.75 36.5 33.620763896495
117 36.5 32.987672279788
117.25 36.5 33.28383608873
117.5 36.5 33.591323211073
117.75 36.5 33.793788514548
118 36.5 33.747059595716
118.25 36.5 33.614322290012
118.5 36.5 33.668037258969
118.75 36.5 34.13240242977
119 36.5 34.486822837835
119.25 36.5 34.715514398522
119.5 36.5 35.096552337063
119.75 36.5 35.203919499482
120 36.5 34.953571343639
120.25 36.5 34.770867594551
120.5 36.5 34.889957954459
120.75 36.5 35.073269201489
121 36.5 35.283630950132
121.25 36.5 36
121.5 36.5 36
121.75 36.5 35.781590150164
122 36.5 35.630972547689
122.25 36.5 35.419682791848
122.5 36.5 35.220666663538
122.75 36.5 35.101123158637
123 36.5 35
123.25 36.5 35
101.25 36.75 54.198962170208
101.5 36.75 53.851226008468
101.75 36.75 53.368641653151
102 36.75 51.657174884868
102.25 36.75 50.693414128678
102.5 36.75 49.567262840078
102.75 36.75 48.438291915024
103 36.75 47.965972150898
103.25 36.75 48.279338151668
103.5 36.75 47.748996579915
103.75 36.75 48.418454597896
104 36.75 51.370406132594
104.25 36.75 54.729818922494
104.5 36.75 54.53802643527
104.75 36.75 53.313990835414
105 36.75 52.235936042814
105.25 36.75 50.279172862637
105.5 36.75 49.259100080486
105.75 36.75 49.007945932842
106 36.75 49.176061251093
106.25 36.75 48.843733951957
106.5 36.75 47.973508131724
106.75 36.75 46.607633275145
107 36.75 44.803905745518
107.25 36.75 43.475233763851
107.5 36.75 43.105773291731
107.75 36.75 42.950193074815
108 36.75 42.713443526076
108.25 36.75 42.452131682745
108.5 36.75 42.206319002039
108.75 36.75 42.184557449501
109 36.75 42.626006240329
109.25 36.75 43.506736918959
109.5 36.75 44.045089502448
109.75 36.75 44.195962859807
110 36.75 43.838265491139
110.25 36.75 43.308206272172
110.5 36.75 41.950959658211
110.75 36.75 40.672837650625
111 36.75 39.873010939014
111.25 36.75 38.346351983013
111.5 36.75 38.047953197517
111.75 36.75 37.809119615218
112 36.75 37.429700728694
112.25 36.75 38.886366158081
112.5 36.75 40.5
112.75 36.75 38.499602094524
113 36.75 37.840098386049
113.25 36.75 36.918673554711
113.5 36.75 36.07220497145
113.75 36.75 35.098036787365
114 36.75 34.885107948088
114.25 36.75 35
114.5 36.75 34.913312268459
114.75 36.75 34.86593620952
115 36.75 34.840970476601
115.25 36.75 34.822520709288
115.5 36.75 34.79450170307
115.75 36.75 35.100466142599
116 36.75 35.057469457246
116.25 36.75 34.847727017974
116.5 36.75 34.014810328738
116.75 36.75 33.478970459463
117 36.75 33.034782140844
117.25 36.75 33.157267470974
117.5 36.75 33.269359213809
117.75 36.75 33.279404882329
118 36.75 33.307470347108
118.25 36.75 33.217123124822
118.5 36.75 33.091063384306
118.75 36.75 33.53594172521
119 36.75 34.019001918187
119.25 36.75 34.657370557997
119.5 36.75 34.997628535744
119.75 36.75 35.154906115848
120 36.75 35.210913468714
120.25 36.75 35.155128885222
120.5 36.75 35.227913562808
120.75 36.75 35.384065964638
121 36.75 35.930075486951
121.25 36.75 35.970275301091
121.5 36.75 36
121.75 36.75 35.892733294868
122 36.75 35.733102551654
122.25 36.75 35.424385458969
122.5 36.75 35.12788063403
122.75 36.75 35.02570470881
123 36.75 35
123.25 36.75 35
101.5 37 54.130225354043
101.75 37 53.424921297227
102 37 52.741197563332
102.25 37 51.056582495637
102.5 37 49.92890207992
102.75 37 48.925102142717
103 37 47.890731383912
103.25 37 47.737567196391
103.5 37 47.939602139404
103.75 37 48.957864168383
104 37 50.513188357027
104.25 37 51.751509435553
104.5 37 54.630504592506
104.75 37 55.016196461467
105 37 53.900354885812
105.25 37 51.806624728759
105.5 37 50.97872979324
105.75 37 49.82512581108
106 37 49.390349478099
106.25 37 49.053151119349
106.5 37 48.458389450374
106.75 37 46.989283691556
107 37 44.99097395577
107.25 37 43.363629610934
107.5 37 42.922311261207
107.75 37 42.82190727021
108 37 42.554753193095
108.25 37 42.299422024006
108.5 37 42.157970167048
108.75 37 42.49224572281
109 37 42.848082283533
109.25 37 43.425251185747
109.5 37 43.831859382468
109.75 37 43.931172777933
110 37 43.73902438821
110.25 37 43.519075699871
110.5 37 42.43346072619
110.75 37 41.294802852837
111 37 40.434511700169
111.25 37 38.581630536091
111.5 37 38.446915186311
111.75 37 38
112 37 39
112.25 37 39
112.5 37 39.682991512863
112.75 37 39.740378099559
113 37 37.682083205098
113.25 37 36.640224026883
113.5 37 35.384945526773
113.75 37 35.268682469721
114 37 35
114.25 37 35
114.5 37 35
114.75 37 34.932905173389
115 37 34.949175127503
115.25 37 34.987604117069
115.5 37 35.208958268669
115.75 37 34.967373819846
116 37 34.880204266479
116.25 37 34.036168342409
116.5 37 33.70984006574
116.75 37 33.141584034214
117 37 33.048617059587
117.25 37 33.042486455377
117.5 37 33.031165594759
117.75 37 32.933260835624
118 37 32.847719331558
118.25 37 32.672547691485
118.5 37 32.523130660815
118.75 37 32.835109093035
119 37 33.568700125425
119.25 37 34.298664367134
119.5 37 34.98487446793
119.75 37 35.470799082108
120 37 35.429208981278
120.25 37 35.49848419344
120.5 37 35.798440698694
120.75 37 35.865100906812
121 37 35.958356318372
121.25 37 35.994453426619
121.5 37 36
121.75 37 35.995613530618
122 37 35.89691821548
122.25 37 35.463271223987
122.5 37 35.060121433526
122.75 37 35.009821158626
123 37 35
123.25 37 35
123.5 37 35
101.5 37.25 54.637379548224
101.75 37.25 53.678515998361
102 37.25 52.513429712706
102.25 37.25 51.308621657034
102.5 37.25 50.088738566496
102.75 37.25 49.04531063937
103 37.25 48.269597641855
103.25 37.25 47.981184109622
103.5 37.25 48.690369046717
103.75 37.25 49.561916423153
104 37.25 50.256221636601
104.25 37.25 50.812469116795
104.5 37.25 53.762608440667
104.75 37.25 53.694870973524
105 37.25 52.026485163178
105.25 37.25 51.22545375703
105.5 37.25 50.599788254736
105.75 37.25 49.747528540347
106 37.25 49.173110569942
106.25 37.25 49.208444128895
106.5 37.25 49.278933290926
106.75 37.25 47.65824901633
107 37.25 45.654465781152
107.25 37.25 44.179995494192
107.5 37.25 43.031033535432
107.75 37.25 42.780996824141
108 37.25 42.328808708821
108.25 37.25 42.181387324119
108.5 37.25 42.319375170387
108.75 37.25 42.765025548885
109 37.25 43.011270084352
109.25 37.25 43.564878311167
109.5 37.25 43.892881198351
109.75 37.25 43.724996997645
110 37.25 43.4426483376
110.25 37.25 43.27652029734
110.5 37.25 42.465193882229
110.75 37.25 41.736802644745
111 37.25 41.113834162782
111.25 37.25 39
111.75 37.25 39
112 37.25 39
112.25 37.25 39
112.5 37.25 39
112.75 37.25 39
113 37.25 39
113.25 37.25 37.895185558253
113.5 37.25 37.514093594718
113.75 37.25 36.937222910215
114 37.25 35.623764464167
114.25 37.25 35.341042985595
114.5 37.25 35.015039486624
114.75 37.25 34.931987552941
115 37.25 35
115.25 37.25 34.816320696345
115.5 37.25 34.687551989319
115.75 37.25 34.499410067958
116 37.25 34.277769877148
116.25 37.25 33.956315734485
116.5 37.25 33.521371057187
116.75 37.25 33.098368084495
117 37.25 33.02331326657
117.25 37.25 32.950524754788
117.5 37.25 32.861639905774
117.75 37.25 32.811157122161
118 37.25 32.613632703985
118.25 37.25 32.131118438223
118.5 37.25 31.666017134607
118.75 37.25 31.98351656817
119 37.25 32.965562997855
119.25 37.25 33.781076611764
119.5 37.25 34.668255298888
119.75 37.25 35.469834886608
120 37.25 35.935690983023
120.25 37.25 35.822229410331
120.5 37.25 35.714846912424
120.75 37.25 35.840331935271
121 37.25 35.95814271657
121.25 37.25 35.992554927839
121.5 37.25 36
121.75 37.25 35.956070752225
122 37.25 35.816664272457
122.25 37.25 35.517516264142
122.5 37.25 35.241091313344
122.75 37.25 35.106784091928
123 37.25 35
123.25 37.25 35
101.75 37.5 53.923330771374
102 37.5 52.401696525008
102.25 37.5 51.324933844573
102.5 37.5 50.067872386321
102.75 37.5 49.093004549111
103 37.5 48.3995
103.25 37.5 48.3995
103.5 37.5 48.3995
103.75 37.5 48.3995
104.25 37.5 54.688870874569
104.5 37.5 53.692103849336
104.75 37.5 51.51097030527
105 37.5 51.114100955269
105.25 37.5 50.700835027043
105.5 37.5 49.944173090119
105.75 37.5 48.972536881675
106 37.5 48.580537477215
106.25 37.5 48.386494453836
106.5 37.5 48.183382507229
106.75 37.5 46.816761742767
107 37.5 45.496463113113
107.25 37.5 44.222333430956
107.5 37.5 43.421054895482
107.75 37.5 42.631974164531
108 37.5 42.061504129405
108.25 37.5 42.016136327161
108.5 37.5 42.191922596514
108.75 37.5 42.796111517215
109 37.5 43.228859327711
109.25 37.5 43.789587877585
109.5 37.5 44.119436046739
109.75 37.5 43.738938302656
110 37.5 43.28953169147
110.25 37.5 43.037841944407
110.5 37.5 43.113879405797
110.75 37.5 43.260494108327
111 37.5 43
111.5 37.5 41.118862789855
111.75 37.5 40.290551525942
112 37.5 39.76482276274
112.25 37.5 39.200337256449
112.5 37.5 39.171850137114
112.75 37.5 39.786484467964
113 37.5 40.141251665444
113.25 37.5 40.547690837449
113.5 37.5 38.820443068429
113.75 37.5 37.942956240744
114 37.5 37.137467985222
114.25 37.5 35.897766909896
114.5 37.5 35.464941645557
114.75 37.5 35.146509456436
115 37.5 34.921915975101
115.25 37.5 34.729946138098
115.5 37.5 34.528507211881
115.75 37.5 34.324676529464
116 37.5 34.120987763775
116.25 37.5 33.708464750393
116.5 37.5 33.341934556496
116.75 37.5 32.971099055103
117 37.5 32.826322706191
117.25 37.5 32.682837885383
117.5 37.5 32.607732828603
117.75 37.5 32.641321533917
118 37.5 32.49415231443
118.25 37.5 31.733681971512
118.5 37.5 30.754705295585
118.75 37.5 31.374235779871
119 37.5 32.540004928509
119.25 37.5 33.666501952322
119.5 37.5 34.54885891257
119.75 37.5 35.320801926578
120 37.5 35.739628656383
120.25 37.5 35.774623316381
120.5 37.5 35.811132431013
120.75 37.5 35.855659394767
121 37.5 35.911404235183
121.25 37.5 35.957985436449
121.5 37.5 36
121.75 37.5 35.873786931984
122 37.5 35.740245290623
122.25 37.5 35.540961224857
122.5 37.5 35.344890232072
122.75 37.5 35.209718539352
123 37.5 35
123.25 37.5 35
102.25 37.75 51.244910675621
102.5 37.75 49.882406414793
102.75 37.75 49.128174695656
103 37.75 48.3995
103.25 37.75 48.3995
103.5 37.75 48.3995
103.75 37.75 48.3995
104.75 37.75 48.84248
105 37.75 50.159827781142
105.25 37.75 49.755019985536
105.5 37.75 49.032939650733
105.75 37.75 47.984500110516
106 37.75 47.229337073597
106.25 37.75 46.583324237693
106.5 37.75 45.816215452819
106.75 37.75 44.505719776227
107 37.75 43.792418387242
107.25 37.75 43.280433078105
107.5 37.75 43.033577494783
107.75 37.75 42.46809448225
108 37.75 41.713783304843
108.25 37.75 41.81264246847
108.5 37.75 42.260204713215
108.75 37.75 42.821389987928
109 37.75 43.184661089804
109.25 37.75 43.563871258169
109.5 37.75 43.746699292428
109.75 37.75 43.627011025551
110 37.75 43.324300854753
110.25 37.75 43.323739230567
110.5 37.75 43.556403037042
110.75 37.75 43.652930400103
111 37.75 43.450446015885
111.25 37.75 43.5
111.5 37.75 41.494350625391
111.75 37.75 41.042428459457
112 37.75 40.28280181984
112.25 37.75 39.325703147021
112.5 37.75 39.280309034925
112.75 37.75 39.859071126834
113 37.75 40.568412647653
113.25 37.75 40.805238077613
113.5 37.75 40.79020748682
113.75 37.75 38.929173144279
114 37.75 38.034972827877
114.25 37.75 37.311587771086
114.5 37.75 36.320960237927
114.75 37.75 35.621195352637
115 37.75 35.173400416715
115.25 37.75 34.777684150498
115.5 37.75 34.433322041901
115.75 37.75 34.228407370386
116 37.75 34.002562911991
116.25 37.75 33.922990506522
116.5 37.75 33.481549762672
116.75 37.75 33.06988373077
117 37.75 32.746124785874
117.25 37.75 32.502501980854
117.5 37.75 32.421704374709
117.75 37.75 32.356560483691
118 37.75 32.140232564171
118.25 37.75 31.610787620587
118.5 37.75 31.182267154821
118.75 37.75 31.496539805681
119 37.75 32.338964489857
119.25 37.75 33.41846941994
119.5 37.75 34.252112041883
119.75 37.75 35.124183958735
120 37.75 35.456144247177
120.25 37.75 35.892331372138
120.5 37.75 35.868678385287
120.75 37.75 35.884609752391
121 37.75 35.885337972457
121.25 37.75 35.927736847333
121.5 37.75 36
121.75 37.75 36
122 37.75 35.69669749822
122.25 37.75 35.550709757416
122.5 37.75 35.404067442759
122.75 37.75 35
123 37.75 35
102.5 38 48.3995
102.75 38 48.3995
103 38 48.3995
103.25 38 48.3995
103.5 38 48.3995
103.75 38 48.3995
104.75 38 48.9467238799
105 38 49.444131514429
105.25 38 49.233480088284
105.5 38 48.727091740029
105.75 38 47.46374310878
106 38 45.881768477299
106.25 38 44.719757514297
106.5 38 43.1232010915
106.75 38 41.41199402108
107 38 41.629002826003
107.25 38 41.691087348185
107.5 38 42.032695199279
107.75 38 42.668582025162
108 38 42.020212177861
108.25 38 41.990901350738
108.5 38 42.524195145036
108.75 38 42.83144674176
109 38 43.00461749385
109.25 38 43.21763777044
109.5 38 43.480192938544
109.75 38 43.491938912372
110 38 43.477802469807
110.25 38 43.455748894434
110.5 38 43.683451297151
110.75 38 43.687868202935
111 38 44.02159518386
111.25 38 43.841821459182
111.5 38 42.179023093081
111.75 38 41.79777717809
112 38 41.270204051413
112.25 38 40.557655664005
112.5 38 40.523365432728
112.75 38 41.0157382819
113 38 40.980506568683
113.25 38 41.264528598278
113.5 38 41.133885282679
113.75 38 40.329405066518
114 38 39.100362303481
114.25 38 38.159074286591
114.5 38 37.074131042949
114.75 38 36.045053559026
115 38 35.339890232141
115.25 38 34.81449365319
115.5 38 34.256117164118
115.75 38 33.99008340886
116 38 33.968014717798
116.25 38 33.930533955601
116.5 38 33.63991617989
116.75 38 33.271000650389
117 38 32.926382675387
117.25 38 32.597485241704
117.5 38 32.423013829019
117.75 38 32.252358643171
118 38 32.030194643607
118.25 38 31.801902037289
118.5 38 31.459078786834
118.75 38 31.898564902423
119 38 32.223992449697
119.25 38 33.254378933755
119.5 38 34.727826997774
119.75 38 35.068773687756
120 38 35.27271131968
120.25 38 35.859773908094
120.5 38 35.814871582873
120.75 38 35.82822127488
121 38 35.870714684757
121.25 38 36
121.5 38 36
121.75 38 36
122 38 36
102.75 38.25 48.3995
103 38.25 48.3995
103.25 38.25 48.3995
103.5 38.25 48.3995
104.75 38.25 48.653099617312
105 38.25 49.189829359064
105.25 38.25 49.144245831092
105.5 38.25 48.729519662143
105.75 38.25 47.403853587374
106 38.25 45.369357907726
106.25 38.25 44.045394750544
106.5 38.25 42.441639950835
106.75 38.25 41.298187170007
107 38.25 41.814309305359
107.25 38.25 42.367009709583
107.5 38.25 42.856593712408
107.75 38.25 43.097598163965
108 38.25 42.69045291863
108.25 38.25 42.551289926571
108.5 38.25 42.717751336387
108.75 38.25 42.808044464248
109 38.25 42.856228131403
109.25 38.25 43.028232142772
109.5 38.25 43.303788863408
109.75 38.25 43.412553610738
110 38.25 43.409933544864
110.25 38.25 43.53866039607
110.5 38.25 43.852556930904
110.75 38.25 44.055705459886
111 38.25 43.981720308103
111.25 38.25 43.821193035251
111.5 38.25 43.047642670741
111.75 38.25 42.791642140362
112 38.25 42.831480008054
112.25 38.25 42.20040855561
112.5 38.25 41.732419861156
112.75 38.25 41.837245474465
113 38.25 41.849418281972
113.25 38.25 41.628477382852
113.5 38.25 41.454534876272
113.75 38.25 40.516835496233
114 38.25 39.489845659781
114.25 38.25 38.399576661945
114.5 38.25 37.10138942518
114.75 38.25 36.0786534156
115 38.25 35.317369868817
115.25 38.25 35.034596103228
115.5 38.25 34.298664799457
115.75 38.25 33.919756856852
116 38.25 33.902480298821
116.25 38.25 33.89435480846
116.5 38.25 33.725016544448
116.75 38.25 33.406360441769
117 38.25 33.118882722082
117.25 38.25 32.87683433577
117.5 38.25 32.743869822309
117.75 38.25 32.543347677902
118 38.25 32.331409276794
118.25 38.25 32.312607272429
118.5 38.25 32.21165591438
118.75 38.25 32.166837481077
119 38.25 33.184156508757
119.25 38.25 34
119.5 38.25 34
119.75 38.25 35.016561968677
120 38.25 36
120.25 38.25 36
104.25 38.5 48.1283
104.5 38.5 48.1283
104.75 38.5 48.570621607988
105 38.5 48.692690466955
105.25 38.5 49.152830623791
105.5 38.5 49.066428257232
105.75 38.5 48.047810672084
106 38.5 46.129169479955
106.25 38.5 44.645128912988
106.5 38.5 43.459373787126
106.75 38.5 42.705956220223
107 38.5 42.836177724573
107.25 38.5 43.384386345868
107.5 38.5 43.443428428126
107.75 38.5 43.669337159274
108 38.5 43.246458013346
108.25 38.5 42.934991949439
108.5 38.5 42.86371745344
108.75 38.5 42.880048626107
109 38.5 42.92484115769
109.25 38.5 43.055186444645
109.5 38.5 43.221849621666
109.75 38.5 43.265470846197
110 38.5 43.248597470717
110.25 38.5 43.489933723958
110.5 38.5 44.047307026037
110.75 38.5 44.345222997002
111 38.5 44.111938187812
111.25 38.5 43.826025983951
111.5 38.5 43.538246134978
111.75 38.5 43.373177214562
112 38.5 43.300401614466
112.25 38.5 42.574235970708
112.5 38.5 41.749790226078
112.75 38.5 41.459283103544
113 38.5 41.422689304955
113.25 38.5 41.277254985446
113.5 38.5 41.119023841368
113.75 38.5 40.557929294871
114 38.5 39.581160279659
114.25 38.5 38.321165866296
114.5 38.5 36.91584941557
114.75 38.5 35.775366256829
115 38.5 34.980025119262
115.25 38.5 34.757040546018
115.5 38.5 34.293640181423
115.75 38.5 33.925333795327
116 38.5 33.844202291081
116.25 38.5 33.874548413452
116.5 38.5 33.931863032962
116.75 38.5 33.798317575862
117 38.5 33.629156139496
117.25 38.5 33.477856312889
117.5 38.5 33.291071268192
117.75 38.5 32.962129947522
118 38.5 32.785943831925
118.25 38.5 32.871188944662
118.5 38.5 33.208130146543
118.75 38.5 33.654103906836
119 38.5 34
119.25 38.5 34
104.25 38.75 48.648435460935
104.5 38.75 48.493663949851
104.75 38.75 48.569968522989
105 38.75 48.552109128054
105.25 38.75 48.901545400579
105.5 38.75 48.834485323452
105.75 38.75 48.017606779809
106 38.75 46.804630186135
106.25 38.75 45.763690927029
106.5 38.75 44.778779448253
106.75 38.75 44.175212977912
107 38.75 44.016347901405
107.25 38.75 44.066400792505
107.5 38.75 44.912502055549
107.75 38.75 44.134492809056
108 38.75 43.700188274451
108.25 38.75 43.230805043915
108.5 38.75 42.996027893614
108.75 38.75 42.92900765992
109 38.75 42.98737403058
109.25 38.75 43.054484655524
109.5 38.75 43.117550570517
109.75 38.75 43.068802159656
110 38.75 43.025388497452
110.25 38.75 43.314509413504
110.5 38.75 43.912358103665
110.75 38.75 44.250417824086
111 38.75 44.091733301421
111.25 38.75 43.88324657557
111.5 38.75 43.159497322249
111.75 38.75 42.851965017071
112 38.75 42.392447777078
112.25 38.75 41.779325070031
112.5 38.75 40.723819936302
112.75 38.75 40.089946891174
113 38.75 40.385256668559
113.25 38.75 40.83117499269
113.5 38.75 40.914629661989
113.75 38.75 40.659946403866
114 38.75 39.736510602026
114.25 38.75 38.500147176672
114.5 38.75 37.001229024436
114.75 38.75 35.812833925868
115 38.75 35.164418394998
115.25 38.75 34.884554924358
115.5 38.75 34.471103253173
115.75 38.75 34.10127750826
116 38.75 33.92676939094
116.25 38.75 33.988244587702
116.5 38.75 34.164243015459
116.75 38.75 34.283217045351
117 38.75 34.327690468195
117.25 38.75 34.248425999511
117.5 38.75 34.053109435174
117.75 38.75 33.601017476811
118 38.75 33.288719920469
118.25 38.75 33.313350025404
118.5 38.75 33.516985510845
118.75 38.75 33.799743984503
119 38.75 34
119.25 38.75 34
119.5 38.75 34
103.75 39 49.35682
104 39 48.891354904285
104.25 39 48.777866132482
104.5 39 48.600798698169
104.75 39 48.474055834518
105 39 48.318903315875
105.25 39 48.517931522441
105.5 39 48.352980920911
105.75 39 47.903472542793
106 39 47.278599636367
106.25 39 46.514897747111
106.5 39 45.567613315818
106.75 39 45.126963996621
107 39 45.101005874671
107.25 39 45.287786165581
107.5 39 45.066566515327
107.75 39 44.706999534522
108 39 44.156668262358
108.25 39 43.512769026878
108.5 39 43.094880438249
108.75 39 43.048201477585
109 39 43.009013921581
109.25 39 43.045583898461
109.5 39 43.051894263059
109.75 39 43.047243215122
110 39 43.086084338346
110.25 39 43.338724887593
110.5 39 43.768560038005
110.75 39 43.954510188736
111 39 43.781131517911
111.25 39 43.476250799889
111.5 39 43.020494059586
111.75 39 42.55291787132
112 39 41.826043287765
112.25 39 40.879877932452
112.5 39 39.739418330523
112.75 39 39.267987556283
113 39 40.008028512956
113.25 39 40.541418074689
113.5 39 40.871326690619
113.75 39 40.830242065838
114 39 40.109734960277
114.25 39 38.719009382091
114.5 39 37.260678693833
114.75 39 36.182248863197
115 39 35.437653760888
115.25 39 35.05064473274
115.5 39 34.76221638803
115.75 39 34.387047835233
116 39 34.095590442862
116.25 39 34.076420607654
116.5 39 34.332468881218
116.75 39 34.758481276562
117 39 34.873672481606
117.25 39 34.960441747891
117.5 39 34.823186889007
117.75 39 34.346205833657
118 39 33.992223411431
118.25 39 33.907353188955
118.5 39 33.889289292629
118.75 39 33.798199521497
119 39 34
119.25 39 34
119.5 39 34
119.75 39 34
124 39 32.6
124.25 39 32.6
104 39.25 49.045174307906
104.25 39.25 48.96585872479
104.5 39.25 48.799462275774
104.75 39.25 48.525720851631
105 39.25 48.288580647129
105.25 39.25 48.457020782469
105.5 39.25 47.798683062026
105.75 39.25 47.459971444582
106 39.25 47.088115072527
106.25 39.25 46.503690186486
106.5 39.25 45.954900079568
106.75 39.25 45.749410419403
107 39.25 45.531821499302
107.25 39.25 45.31378663873
107.5 39.25 45.034903052635
107.75 39.25 44.680224208816
108 39.25 44.203687695236
108.25 39.25 43.687757901838
108.5 39.25 43.328894491296
108.75 39.25 43.150817958528
109 39.25 43
109.25 39.25 43.000018669047
109.5 39.25 43.055352422379
109.75 39.25 43.002918474931
110 39.25 43.157156148747
110.25 39.25 43.482151043632
110.5 39.25 43.665501727733
110.75 39.25 43.573366240808
111 39.25 43.715788474941
111.25 39.25 43.345132246068
111.5 39.25 42.746471475881
111.75 39.25 42.331706820812
112 39.25 41.54642784585
112.25 39.25 40.664417171492
112.5 39.25 39.799082273744
112.75 39.25 39.738616321266
113 39.25 40.040704824664
113.25 39.25 40.381429976811
113.5 39.25 40.865058469025
113.75 39.25 40.864693414224
114 39.25 40.058208378068
114.25 39.25 38.842106057132
114.5 39.25 37.487128707172
114.75 39.25 36.295595438743
115 39.25 35.529620019752
115.25 39.25 35.13141847051
115.5 39.25 34.988098047521
115.75 39.25 34.732439588964
116 39.25 34.330059198535
116.25 39.25 34.051929543239
116.5 39.25 34.255349101947
116.75 39.25 34.813793034326
117 39.25 35.041882067197
117.25 39.25 35.174555717177
117.5 39.25 35.082958079252
117.75 39.25 34.90407804671
118 39.25 34.57944402931
118.25 39.25 34.310279211349
118.5 39.25 34.135308978769
118.75 39.25 34.002240229055
119 39.25 34
119.25 39.25 34
119.5 39.25 34
119.75 39.25 34
120 39.25 34
120.25 39.25 34
123.75 39.25 32.408716228636
124 39.25 32.456728052106
124.25 39.25 32.511060915605
104.25 39.5 49.194019702623
104.5 39.5 49.093139747302
104.75 39.5 48.811940288141
105 39.5 48.564553424605
105.25 39.5 48.622490431957
105.5 39.5 48.459934998783
105.75 39.5 47.16094098571
106 39.5 46
106.25 39.5 45.965065103323
106.5 39.5 45.898203994706
106.75 39.5 45.733803562636
107 39.5 45.555765331262
107.25 39.5 45.326113444657
107.5 39.5 45.07075703179
107.75 39.5 44.624097524225
108 39.5 44.178860547011
108.25 39.5 43.816201807321
108.5 39.5 43.460295825346
108.75 39.5 43
109 39.5 43
109.25 39.5 43.229602660583
109.5 39.5 43.176765678718
109.75 39.5 43.087235361119
110 39.5 43.198388019708
110.25 39.5 43.306991348436
110.5 39.5 43.787245479009
110.75 39.5 43.663664394915
111 39.5 43.755209161847
111.25 39.5 42.863154911321
111.5 39.5 42.479207050466
111.75 39.5 42.077930866743
112 39.5 41.551633880456
112.25 39.5 40.994909662734
112.5 39.5 40.27575243123
112.75 39.5 40.428431609617
113 39.5 40.457440848503
113.25 39.5 40.537034171377
113.5 39.5 40.879482371357
113.75 39.5 40.636666138529
114 39.5 39.836743044123
114.25 39.5 38.877701151613
114.5 39.5 37.633722621922
114.75 39.5 36.204155403016
115 39.5 35.784367053824
115.25 39.5 35.639672372028
115.5 39.5 35.458568607814
115.75 39.5 35.206783790662
116 39.5 34.688003939049
116.25 39.5 34.276418617907
116.5 39.5 34.012347208516
116.75 39.5 34.598917823839
117 39.5 34.969670810873
117.25 39.5 35.035743850113
117.5 39.5 35.165605403616
117.75 39.5 35.093627169027
118 39.5 34.933831757344
118.25 39.5 34.527152373825
118.5 39.5 34.185660833111
118.75 39.5 34.037623332439
119 39.5 34
119.25 39.5 34
119.5 39.5 34
119.75 39.5 34
120 39.5 34
120.25 39.5 34
123.5 39.5 32.2
123.75 39.5 32.372063702746
124 39.5 32.427642703506
124.25 39.5 32.501109199168
104.75 39.75 49.027381264566
105 39.75 48.788926296195
105.25 39.75 48.630584737573
105.5 39.75 48.1283
105.75 39.75 47.011403831835
106 39.75 46
106.25 39.75 46
106.5 39.75 45.865579436384
106.75 39.75 45.778014899387
107 39.75 45.565097699575
107.25 39.75 45.334669549336
107.5 39.75 45.071415203104
107.75 39.75 44.924780171907
108 39.75 44.173229252883
108.25 39.75 43.89572444839
108.5 39.75 43.555844287669
108.75 39.75 43
109 39.75 43.403047555306
109.25 39.75 43.417503399864
109.5 39.75 43.453765917032
109.75 39.75 43.480674678783
110 39.75 43.541857209089
110.25 39.75 43.555166074835
110.5 39.75 43.649465897307
110.75 39.75 43.65568891929
111 39.75 43.474672752998
111.25 39.75 43.179841925404
111.5 39.75 42.965027091993
111.75 39.75 42.466441512872
112 39.75 41.962907236404
112.25 39.75 41.352278516495
112.5 39.75 40.775672757734
112.75 39.75 40.679737173983
113 39.75 40.664525920429
113.25 39.75 40.914012882862
113.5 39.75 40.738001254956
113.75 39.75 40.380477176124
114 39.75 39.858292981059
114.25 39.75 39.237558177966
114.5 39.75 38.373459736915
114.75 39.75 37.280653295095
115 39.75 36.771050658247
115.25 39.75 36.411423490814
115.5 39.75 35.938240724016
115.75 39.75 35.59098412835
116 39.75 35.168990334354
116.25 39.75 34.806617519299
116.5 39.75 34.633419505381
116.75 39.75 34.780998318339
117 39.75 34.987835720788
117.25 39.75 35.033459285385
117.5 39.75 34.970022534644
117.75 39.75 34.966088293277
118 39.75 34.791345442483
118.25 39.75 34.418441260457
118.5 39.75 34.12144474577
118.75 39.75 34.01297599869
119 39.75 34
119.25 39.75 34
119.5 39.75 34
119.75 39.75 34
120 39.75 34
120.25 39.75 34
120.5 39.75 34
123 39.75 31
123.25 39.75 31.613409136585
123.5 39.75 31.772566365682
123.75 39.75 32.073616882205
124 39.75 32.374776241217
124.25 39.75 32.468896311414
124.5 39.75 32.586063631628
105.25 40 48.773484916599
106 40 46
106.25 40 46
106.5 40 46
106.75 40 45.780379394489
107 40 45.713013829588
107.25 40 45.5
107.5 40 45
107.75 40 45
109 40 43.584968441332
109.25 40 43.851641955406
109.5 40 43.856948650885
109.75 40 43.879776512249
110 40 43.889348441156
110.25 40 43.871305695027
110.5 40 43.837106052314
110.75 40 43.802413857225
111 40 43.632869657837
111.25 40 43.412092959246
111.5 40 43.147946371515
111.75 40 42.748469453857
112 40 42.228920840625
112.25 40 41.56546433826
112.5 40 41.281534578856
112.75 40 41
113 40 41.029905372523
113.25 40 40.910278339307
113.5 40 40.652702153238
113.75 40 40.234728999826
114 40 40.029815454992
114.25 40 39.88489379238
114.5 40 39.510968285094
114.75 40 38.830724225542
115 40 38.063636550972
115.25 40 37.469198814281
115.5 40 36.87627957128
115.75 40 36.308903758401
116 40 35.758870482982
116.25 40 35.416625500336
116.5 40 35.106568007214
116.75 40 35.067240043457
117 40 35.035938504363
117.25 40 35.046344083454
117.5 40 34.941972383336
117.75 40 34.831218708715
118 40 34.617320207408
118.25 40 34.30572645841
118.5 40 33.992879078849
118.75 40 33.979059484026
119 40 34
119.25 40 34
119.5 40 34
119.75 40 34
120 40 34
120.25 40 34
120.5 40 34
122.75 40 31
123 40 31
123.25 40 31.487316373725
123.5 40 31.671087242982
123.75 40 31.976946648922
124 40 32.239794027045
109 40.25 44
109.25 40.25 44.137025842296
109.5 40.25 44.20256604129
109.75 40.25 44.274640997196
110 40.25 44.282798068602
110.25 40.25 44.207622600726
110.5 40.25 44.142596473917
110.75 40.25 43.996805950225
111 40.25 43.817438625167
111.25 40.25 43.580803707476
111.5 40.25 43.388748223122
111.75 40.25 42.92063777358
112 40.25 42.005355468912
112.25 40.25 41.631578237924
112.5 40.25 41
112.75 40.25 41
113 40.25 40.947412020308
113.25 40.25 40.932320646416
113.5 40.25 40.72736079382
113.75 40.25 40.425187299124
114 40.25 40.336851712389
114.25 40.25 40.689424457175
114.5 40.25 40.816301295506
114.75 40.25 40.182483226942
115 40.25 39.280090403221
115.25 40.25 38.716274014711
115.5 40.25 37.890693811594
115.75 40.25 37.367187557887
116 40.25 36.602940179345
116.25 40.25 35.993908584496
116.5 40.25 35.627537716643
116.75 40.25 35.317236655996
117 40.25 35.106600885902
117.25 40.25 35
117.5 40.25 34.933316190643
117.75 40.25 34.801152901106
118 40.25 34.583016691384
118.25 40.25 34.308255273785
118.5 40.25 34.046761449145
118.75 40.25 34
119 40.25 34
119.25 40.25 34
119.5 40.25 34
119.75 40.25 34
120 40.25 34
120.25 40.25 34
122.5 40.25 31
122.75 40.25 31
123 40.25 31.230392076004
123.25 40.25 31.304706604473
123.5 40.25 31.48175334911
123.75 40.25 31.798855179114
109 40.5 44.517881911658
109.25 40.5 44.541884461015
109.5 40.5 44.58504968563
109.75 40.5 44.662582271549
110 40.5 44.66502759042
110.25 40.5 44.509000706613
110.5 40.5 44.343979783832
110.75 40.5 44.188665174034
111 40.5 44.094380559095
111.25 40.5 43.67416165172
111.5 40.5 43.365131445954
111.75 40.5 43.123401847748
112 40.5 42.289727484502
112.25 40.5 41
112.5 40.5 41
112.75 40.5 41
113 40.5 40.999491780464
113.25 40.5 40.984839435732
113.5 40.5 40.803733318321
113.75 40.5 40.712376554827
114 40.5 40.66037839693
114.25 40.5 40.74665958616
114.5 40.5 41.128722019635
114.75 40.5 40.748384921464
115 40.5 40.307648512161
115.25 40.5 39.979873509935
115.5 40.5 39.529866858471
115.75 40.5 38.569134212643
116 40.5 37.239835414865
116.25 40.5 36.486401484636
116.5 40.5 35.955927036673
116.75 40.5 35.40332412666
117 40.5 35.148722627192
117.25 40.5 34.986664094923
117.5 40.5 35
117.75 40.5 34.836909639808
118 40.5 34.628304628625
118.25 40.5 34.385133086765
118.5 40.5 34.219288799756
118.75 40.5 34
119 40.5 34
119.25 40.5 34
119.5 40.5 34
119.75 40.5 34
120 40.5 34
120.25 40.5 34
122 40.5 31
122.25 40.5 31
122.5 40.5 31
122.75 40.5 31
123 40.5 31
123.25 40.5 31.092285004747
123.5 40.5 31.193211242271
109 40.75 45
109.25 40.75 44.694459988559
109.5 40.75 44.779772105931
109.75 40.75 44.911843290926
110 40.75 44.950729565687
110.25 40.75 44.731187709546
110.5 40.75 44.597117130121
110.75 40.75 44.480879584954
111 40.75 44.182073911361
111.25 40.75 43.835891395928
111.5 40.75 43.44825445792
111.75 40.75 43.118313013307
112 40.75 42.065602557876
112.25 40.75 41.773024149404
112.5 40.75 41
112.75 40.75 41
113 40.75 41
113.25 40.75 40.929370624679
113.5 40.75 40.795840045903
113.75 40.75 40.888304242944
114 40.75 41.05260074828
114.25 40.75 41.050188122775
114.5 40.75 41.016846728932
114.75 40.75 40.909181991834
115 40.75 40.782013109212
115.25 40.75 40.463700151351
115.5 40.75 39.980284796087
115.75 40.75 38.862640092722
116 40.75 37.542593321704
116.25 40.75 36.808429708068
116.5 40.75 36.082112373662
116.75 40.75 35.551292866681
117 40.75 35.254461569815
117.25 40.75 35.081048567813
117.5 40.75 35.022759538941
117.75 40.75 35
118 40.75 34.705178407947
118.25 40.75 34.493257150726
118.5 40.75 34.328076757364
118.75 40.75 34
119 40.75 34
119.25 40.75 34
119.5 40.75 34
119.75 40.75 34
120 40.75 34
120.25 40.75 34
120.5 40.75 34
121.75 40.75 31
122 40.75 31
122.25 40.75 31
122.5 40.75 31
122.75 40.75 31
123 40.75 31
123.25 40.75 31.00005130683
109 41 45
109.25 41 45
109.5 41 45
109.75 41 44.968336386544
110 41 44.998289434867
110.25 41 44.87179080986
110.5 41 44.761641885839
110.75 41 44.654902263518
111 41 44.43283160678
111.25 41 44.090330939874
111.5 41 43.565857746461
111.75 41 43.217312243509
112 41 42.308234825071
112.25 41 41.94938799458
112.5 41 41.651480245192
112.75 41 41
113 41 41
113.25 41 41
113.5 41 41
113.75 41 41.318893284214
114 41 41.298851168197
114.25 41 41.407662286312
114.5 41 41.230579514931
114.75 41 41.134287317847
115 41 40.98377920169
115.25 41 40.883684458476
115.5 41 39.767740796812
115.75 41 38.194095700084
116 41 37.593652095031
116.25 41 36.942153870483
116.5 41 36.251159778037
116.75 41 35.742837290063
117 41 35.488916761748
117.25 41 35.292380009677
117.5 41 35.176556729744
117.75 41 35
118 41 35
118.25 41 34.422599205495
118.5 41 34.253490169836
118.75 41 34
119 41 34
119.25 41 34
119.5 41 34
119.75 41 34
120 41 34
120.25 41 34
120.5 41 34
121.5 41 31
121.75 41 31
122 41 31
122.25 41 31
122.5 41 31
122.75 41 31
108.5 41.25 45
108.75 41.25 45
109 41.25 45
109.25 41.25 45
109.5 41.25 45
109.75 41.25 45
110 41.25 45
110.25 41.25 45
110.5 41.25 44.886322196917
110.75 41.25 44.85106069535
111 41.25 44.764892708877
111.25 41.25 44.497060940337
111.5 41.25 43.566069314504
111.75 41.25 43.022332557108
112 41.25 43.000022430791
112.25 41.25 42.117732221228
112.5 41.25 41.847237355375
112.75 41.25 41
113 41.25 41
113.25 41.25 41
113.5 41.25 41.460071872062
113.75 41.25 41.593642897993
114 41.25 41.743484583642
114.25 41.25 41.632690314448
114.5 41.25 41.386834624735
114.75 41.25 41.083943438108
115 41.25 40.950112095323
115.25 41.25 40.783132493697
115.5 41.25 39.909123802295
115.75 41.25 38.750859394573
116 41.25 38.1663556215
116.25 41.25 37.594455490993
116.5 41.25 36.775065779326
116.75 41.25 36.12319419693
117 41.25 35.941808163231
117.25 41.25 35.468470692611
117.5 41.25 35.331475380497
117.75 41.25 35
118 41.25 34.58878090196
118.25 41.25 34.477492273877
118.5 41.25 34
118.75 41.25 34
119 41.25 34
119.25 41.25 34
119.5 41.25 34
119.75 41.25 34
120 41.25 34
120.25 41.25 34
120.5 41.25 34
121.25 41.25 31
121.5 41.25 31
121.75 41.25 31
122 41.25 31
122.25 41.25 31
122.5 41.25 31
108 41.5 45
108.25 41.5 45
108.5 41.5 45
108.75 41.5 45
109 41.5 45
109.25 41.5 45
109.5 41.5 45
109.75 41.5 45
110 41.5 45
110.25 41.5 45
110.5 41.5 45.000000000001
110.75 41.5 44.998860316651
111 41.5 44.998713766025
111.25 41.5 44.943380366929
111.5 41.5 43.847124015636
111.75 41.5 43.203827323478
112 41.5 43.105623284886
112.25 41.5 43.078768103517
112.5 41.5 42.008796492631
112.75 41.5 41
113 41.5 42.450878842926
113.25 41.5 42.556735970355
113.5 41.5 42.926507516527
113.75 41.5 42
114 41.5 41.899140176385
114.25 41.5 41.872541060213
114.5 41.5 41.647666323587
114.75 41.5 41.359008757331
115 41.5 40.960798306758
115.25 41.5 40.684865922677
115.5 41.5 40.023490497213
115.75 41.5 39.528331168884
116 41.5 39.144638928794
116.25 41.5 38.563124348604
116.5 41.5 37.744925500656
116.75 41.5 37.027734061895
117 41.5 36.578882353082
117.25 41.5 35.585041213009
117.5 41.5 35.453333781251
117.75 41.5 34.56783018261
118 41.5 34.467121669266
118.25 41.5 34.354005303392
118.5 41.5 34
118.75 41.5 34
119 41.5 34
119.25 41.5 34
119.5 41.5 34
119.75 41.5 34
120 41.5 34
120.25 41.5 34
120.5 41.5 34
120.75 41.5 31
121 41.5 31
121.25 41.5 31
121.5 41.5 31
121.75 41.5 31
122 41.5 31
122.25 41.5 31
108 41.75 45
108.25 41.75 45
108.5 41.75 45
108.75 41.75 45
109 41.75 45
109.25 41.75 45
109.5 41.75 45
109.75 41.75 45
110 41.75 45
110.25 41.75 45
110.5 41.75 44.999999999999
110.75 41.75 44.990526201579
111 41.75 44.913260140158
111.25 41.75 44.658782052789
111.5 41.75 44.087895929414
111.75 41.75 43.582130494796
112 41.75 43.335629050228
112.25 41.75 43
112.5 41.75 43
112.75 41.75 44
113 41.75 44
113.25 41.75 44
113.5 41.75 43.110850312485
113.75 41.75 42.831987039856
114 41.75 42.506916739978
114.25 41.75 41.995047510119
114.5 41.75 41.809826500692
114.75 41.75 41.557863171316
115 41.75 41.385442426267
115.25 41.75 40.885503750004
115.5 41.75 40.351918995917
115.75 41.75 40.07722960312
116 41.75 40.036212250732
116.25 41.75 39.536887728994
116.5 41.75 38.578713687758
116.75 41.75 37.88335809295
117 41.75 37.461723567143
117.25 41.75 36
117.75 41.75 34
118 41.75 34
118.25 41.75 34
118.5 41.75 34
118.75 41.75 34
119 41.75 34
119.25 41.75 34
119.5 41.75 34
119.75 41.75 34
120 41.75 34
120.25 41.75 34
120.5 41.75 31.494155320793
120.75 41.75 31.372074865537
121 41.75 31.230353494172
121.25 41.75 31
121.5 41.75 31
121.75 41.75 31
108.5 42 45
108.75 42 45
109 42 45
109.25 42 45
109.5 42 45
109.75 42 45
110 42 45
110.25 42 45
110.5 42 45
110.75 42 45.000000000001
111 42 44.791604807685
111.25 42 44.530262811992
111.5 42 44.161820060922
111.75 42 43.799485900884
112 42 43.544250471866
112.25 42 43.48454855357
112.5 42 44
112.75 42 44
113 42 44
113.25 42 44
113.5 42 43.342961288038
113.75 42 43.049791819872
114 42 42.743497480839
114.25 42 41.956685189965
114.5 42 41.833468753581
114.75 42 41.664693118633
115 42 41.509041239851
115.25 42 40.907149765478
115.5 42 40.544921796044
115.75 42 40.348358218983
116 42 39.858697790006
116.25 42 39.671361921331
116.5 42 39.019927770306
116.75 42 38.410567276437
117 42 37.957630682864
117.25 42 36
117.75 42 34
118 42 34
118.25 42 34
118.5 42 34
118.75 42 34
119 42 34
119.25 42 34
119.5 42 34
119.75 42 34
120 42 33.0228474607
120.25 42 32
120.5 42 31.59162209219
120.75 42 31.453055914421
121 42 31.26230666319
121.25 42 31.075631483498
121.5 42 31.003798852056
109 42.25 45
109.25 42.25 45
109.5 42.25 45
109.75 42.25 45
110 42.25 45
110.25 42.25 45
110.5 42.25 45
110.75 42.25 45
111 42.25 45
111.25 42.25 44.462838583077
111.5 42.25 44.193490499638
111.75 42.25 43.920765630331
112 42.25 43.513046144625
112.25 42.25 44
112.5 42.25 44
112.75 42.25 44
113 42.25 44
113.25 42.25 44
113.5 42.25 44
113.75 42.25 43.271397615914
114 42.25 42.972719744046
114.25 42.25 42.725182606064
114.5 42.25 42
114.75 42.25 42
115 42.25 42
115.5 42.25 40
115.75 42.25 40
116 42.25 40
116.25 42.25 40
116.5 42.25 40
116.75 42.25 40
117 42.25 40
117.75 42.25 34
118 42.25 34
118.25 42.25 34
118.5 42.25 34
118.75 42.25 34
119 42.25 34
119.25 42.25 34
119.5 42.25 34
119.75 42.25 32
120 42.25 32
120.25 42.25 32
120.5 42.25 31.72990739857
120.75 42.25 31.597623754872
121 42.25 31.361301769603
121.25 42.25 31.053991814607
109.5 42.5 45
109.75 42.5 45
110 42.5 45
110.25 42.5 45
110.5 42.5 45
110.75 42.5 45
111 42.5 45
112 42.5 44
112.25 42.5 44
112.5 42.5 44
112.75 42.5 44
113 42.5 44
113.25 42.5 44
113.5 42.5 44
113.75 42.5 44
114 42.5 43.156654139625
114.25 42.5 42.922604143231
114.5 42.5 42
114.75 42.5 42
115.5 42.5 40
115.75 42.5 40
116 42.5 40
116.25 42.5 40
116.5 42.5 40
116.75 42.5 40
118 42.5 34
118.25 42.5 34
118.5 42.5 34
118.75 42.5 34
119 42.5 34
119.25 42.5 34
119.5 42.5 32.438267612177
119.75 42.5 32.315186340663
120 42.5 32
120.25 42.5 32
120.5 42.5 31.893623900231
120.75 42.5 31.823376477536
110.25 42.75 45
110.5 42.75 45
110.75 42.75 45
111.75 42.75 44
112 42.75 44
112.25 42.75 44
112.5 42.75 44
112.75 42.75 44
113 42.75 44
113.25 42.75 44
113.5 42.75 44
113.75 42.75 44
114 42.75 44
118.25 42.75 34
118.5 42.75 34
118.75 42.75 34
119 42.75 33.508789998752
119.25 42.75 33
119.5 42.75 32.522175068513
119.75 42.75 32.372107550591
120 42.75 32.191451074143
120.25 42.75 32.049869127922
120.5 42.75 31.993849419772
110.75 43 45
111.75 43 44
112 43 44
112.25 43 44
112.5 43 44
112.75 43 44
113 43 44
113.25 43 44
113.5 43 44
113.75 43 44
114 43 44
118.75 43 34
119 43 33.444792421986
119.25 43 33.04844584717
119.5 43 32.816187591776
119.75 43 32.485305984324
120 43 32.234333553097
120.25 43 32.003900017971
112 43.25 44
112.25 43.25 44
112.5 43.25 44
112.75 43.25 44
113 43.25 44
113.25 43.25 44
113.5 43.25 44
113.75 43.25 44
118.5 43.25 34
118.75 43.25 33.650962373376
119 43.25 33.541360067101
119.25 43.25 33.241304642677
119.5 43.25 32.996247679226
119.75 43.25 32.708534726264
112 43.5 44
112.25 43.5 44
112.5 43.5 44
112.75 43.5 44
113 43.5 44
113.25 43.5 44
118 43.5 35
118.25 43.5 34.569070532654
118.5 43.5 34.452966373157
118.75 43.5 34.077723777253
119 43.5 33.832155420131
119.25 43.5 33.510199822003
119.5 43.5 33.217146614203
112.75 43.75 44
113 43.75 44
118 43.75 35
118.25 43.75 34.680711378065
118.5 43.75 34.565447894222
118.75 43.75 34.28566037563
119 43.75 34.027888914864
119.25 43.75 33.735903230649
117.5 44 35
117.75 44 35
118 44 35
118.25 44 34.820156188263
118.5 44 34.741478503001
118.75 44 34.541947267658
117.25 44.25 35.015327078211
117.5 44.25 35.011612887435
117.75 44.25 35.007180407695
118 44.25 35.003141583733
118.25 44.25 34.948087714231
118.5 44.25 34.959902587701
116.75 44.5 35.03
117 44.5 35.03
117.25 44.5 35.018426697665
117.5 44.5 35.014308763076
117.75 44.5 35.008393571485
118 44.5 35.002287691145
118.25 44.5 35.000056205373
116.5 44.75 35.01
116.75 44.75 35.019488394134
117 44.75 35.022221988394
117.25 44.75 35.018276635411
117.5 44.75 35.017470955911
117.75 44.75 35.011948216586
116.25 45 35.01
116.5 45 35.01
116.75 45 35.017117235115
117 45 35.020103207947
117.25 45 35.022113170088
117.5 45 35.025384124258
